4.659260, 1.676308, -5.837592, -2.117270, 1
-1.282146, -2.432433, -3.693262, -2.380305, 1
-3.208512, 3.656767, -7.975172, 3.184710, 1
7.905525, -1.229525, 3.046330, 1.905848, 1
-0.198765, 3.553544, -7.940509, 0.134319, 1
-5.488357, -10.645036, -0.174983, -3.487503, 1
0.595468, -4.483945, 2.152127, -1.827858, 1
3.935429, 2.523078, -1.400224, 2.968640, 1
7.091657, 2.983480, 5.615578, 3.360657, 1
-3.888043, 7.623686, -0.433728, 2.057038, 1
3.843276, -2.097483, 5.121515, -4.678059, 1
0.889595, 3.585321, 2.030867, 0.389187, 1
3.071665, -2.246531, -6.698354, -4.218370, 1
-4.979361, 2.474250, -3.599354, 9.881512, 1
3.172142, 2.958511, -4.602892, 5.887617, 1
1.980052, -8.634723, 2.245753, 4.217703, 1
0.610202, 3.066270, -0.603854, 11.341759, 1
-3.695224, -2.160287, -5.398171, 8.532287, 1
-2.758535, 5.719769, 0.665101, -0.953243, 1
-1.006987, 4.826176, -2.262294, 3.886967, 1
2.665449, -3.898944, -1.818876, 5.087233, 1
4.057144, -9.511830, 2.414093, 9.018379, 1
-8.487402, -2.286185, -3.546321, -2.504040, 1
6.683177, -5.587119, 4.464724, -7.567792, 1
4.627126, 3.272552, -0.693048, 1.464525, 1
-5.401254, -3.126651, -0.341982, -0.103219, 1
-3.285711, 1.361320, 3.005821, 3.076033, 1
-0.101525, -1.044551, 7.262472, -4.496695, 1
4.939905, 4.362113, -3.999334, 5.197609, 1
3.075060, -4.649288, -3.058781, -2.686186, 1
5.202214, -1.775348, 10.647775, -0.236180, 1
0.672157, 5.507571, 5.600106, 3.739267, 1
-2.061124, -2.102659, -1.338797, 4.166267, 1
-0.117074, -2.854916, 1.161691, 7.627802, 1
3.561973, 0.945198, 0.342031, 3.015294, 1
-6.492744, 1.135295, -0.759467, 3.008112, 1
1.877015, 8.633410, -4.257175, 1.602846, 1
2.847866, -0.013922, 5.092098, -1.160404, 1
-1.235327, 2.715406, 8.556298, 3.480324, 1
1.287160, 4.023524, 1.931728, 3.660890, 1
1.566136, 7.171990, 0.163628, 7.117579, 1
6.092974, -3.037186, 6.457877, -0.265546, 1
-0.921332, 2.092182, -1.588908, 2.601985, 1
1.268893, 2.885360, 1.857864, -0.672105, 1
-0.426016, 3.074190, -4.639740, -6.101817, 1
-6.878773, 8.709273, 6.030169, 2.039285, 1
-5.318312, 4.846019, 1.306592, 6.763922, 1
-1.899189, -1.823055, 2.139743, -4.050773, 1
0.786923, 5.173888, -3.889223, -3.007829, 1
-4.290632, 3.245091, 2.779935, -1.258280, 1
-1.012895, 3.367693, 2.109085, -4.751554, 1
-3.794366, -7.016507, 5.888080, 2.516120, 1
-3.437380, -4.104230, -2.959342, -3.750834, 1
-2.763778, -5.084555, -4.862636, -2.404151, 1
-3.237731, 0.133825, 2.084620, -1.432471, 1
0.172694, 4.656924, 5.776424, -1.702863, 1
-1.473504, -2.100996, 11.043357, 3.354696, 1
3.345869, -3.599725, -1.958745, 3.482757, 1
0.054698, 4.001040, -0.507246, -1.357416, 1
1.589661, 11.026208, 9.040609, 0.121937, 1
-6.722462, 2.091689, 0.376785, -1.908826, 1
-0.298994, 4.826436, 2.264918, 2.895986, 1
8.219413, 6.804830, 1.633976, -3.170415, 1
7.556415, 0.888911, -6.761668, -1.998811, 1
6.189287, 4.824488, 7.492726, 5.300130, 1
-3.993114, 1.892310, -3.869418, -0.160908, 1
-1.424989, 3.949389, 4.439434, -2.874307, 1
5.218218, -4.188588, -3.729849, -7.105679, 1
-0.072558, -1.663840, 8.077524, -4.746966, 1
2.291971, 7.331166, 3.680912, 4.001888, 1
-0.291948, 6.126029, 1.682389, 5.640985, 1
8.482210, -0.352488, -3.085642, 0.862989, 1
1.247092, 0.533847, 9.418526, -4.752977, 1
1.232123, -0.405632, 1.193218, 1.292014, 1
0.858614, 1.467154, -0.411156, -2.539457, 1
2.388414, 8.048390, 4.373057, -3.537080, 1
2.178316, 2.625226, -2.644753, -4.659204, 1
2.461290, 5.603559, 4.099358, 4.194398, 1
5.461932, 7.317600, -1.781457, -1.293637, 1
-1.129153, 7.172611, -5.094154, -3.911733, 1
-3.187460, -4.011197, -8.618334, -2.301820, 1
-4.190774, 3.108378, -2.495231, 6.113713, 1
4.840436, -0.997734, -1.573989, -0.704104, 1
0.540398, 2.586175, 0.428156, -1.207091, 1
8.445914, 3.126353, 0.779510, 4.894890, 1
2.134776, -5.757663, -6.419155, -1.729287, 1
7.578396, -1.107559, 1.785105, -1.911314, 1
4.166947, -3.275876, 3.567894, -4.102760, 1
4.377866, -2.731693, 1.012499, 1.418882, 1
12.765145, -2.432613, 0.651672, -1.165767, 1
3.831300, 6.701952, -3.584762, 1.947242, 1
-1.225151, 0.384712, 4.210821, 0.825857, 1
-5.093806, 3.964893, -7.209349, 5.319942, 1
2.252931, -3.675552, -1.203635, 3.502554, 1
1.708392, 0.670750, -2.787383, 1.438360, 1
4.223525, 4.912282, 4.443945, 9.081531, 1
5.585952, 7.237621, 1.457532, 2.784996, 1
1.537309, -0.566911, -1.766864, -1.068483, 1
0.432454, 0.709287, -1.977242, 4.113865, 1
0.585813, 1.671353, 5.307591, -7.436184, 1
4.237967, -6.804028, 1.611399, -0.455919, 1
1.800776, 2.733463, 6.448001, 0.761797, 1
-4.031989, 2.848651, 4.086706, -4.293391, 1
-3.686246, 8.853402, 1.278006, -3.808575, 1
2.811281, 3.263046, 0.791472, -2.053550, 1
0.852690, -2.475907, -5.121791, 3.644107, 1
-1.687559, -4.880732, -2.570101, 1.817252, 1
5.529712, 8.182338, 2.305716, 0.256799, 1
4.707002, 6.929701, -1.116968, 2.868403, 1
-4.275927, -0.257029, 0.087476, 4.196154, 1
1.105352, 4.988735, -5.994803, 2.506970, 1
1.790118, -0.172262, 5.002769, 3.539596, 1
-5.328449, 1.314084, -1.457590, -0.232184, 1
-0.963821, 3.269996, 3.068401, 8.122944, 1
1.466165, 6.540757, 0.864089, 7.428689, 1
-1.127098, -0.484139, 0.828860, -0.156814, 1
-0.162985, 2.296891, 1.537077, 8.440713, 1
2.924766, -4.553502, -3.845748, 0.064101, 1
4.570381, 5.007601, 1.675534, 1.601677, 1
-8.261165, -0.388370, 1.037177, 3.267358, 1
5.367575, 2.116030, -1.101751, -1.711270, 1
-2.667347, -3.452993, 3.007787, -6.024750, 1
-0.463580, 3.765164, 11.100941, 3.177671, 1
-7.731085, -1.118298, 2.516156, -0.667340, 1
-7.178927, -0.264925, 3.730422, -1.979194, 1
-3.802935, 5.478111, 1.764732, 8.633631, 1
4.639852, 4.019589, 2.021615, 0.004382, 1
-2.607180, -3.089193, 4.577294, 0.070631, 1
-1.070965, 2.098874, 1.585585, 3.881676, 1
3.201235, -5.728297, 6.280948, 1.565708, 1
-7.367335, 0.746401, -2.338844, 2.128238, 1
-4.009572, -4.659235, -4.518934, 0.083000, 1
5.128593, -3.436980, 2.636158, -3.787873, 1
-1.562153, 0.051166, -3.182857, 2.929429, 1
3.482033, 0.747122, -3.887463, -2.351554, 1
1.657240, 1.223460, 3.156144, 1.641159, 1
-6.970402, 1.379656, -5.204973, 8.381130, 1
1.572509, 6.249896, -4.352604, 0.394005, 1
4.838388, -3.353056, -3.306250, 3.081312, 1
-1.721225, 9.341514, 0.258261, -3.651309, 1
6.874549, 0.840465, 3.521916, 1.433575, 1
-5.553841, -1.752331, -2.306839, -2.041546, 1
3.477693, 5.104317, 2.419867, 2.354757, 1
-2.561144, -3.493274, -1.254674, 3.038249, 1
-0.886363, 9.095708, -0.168500, 0.223974, 1
-1.382194, -0.462316, 0.773655, 6.579104, 1
6.197452, -2.604342, -0.050405, 0.460893, 1
4.053872, 2.133149, 2.353741, 15.363056, 1
4.184723, 8.374334, -1.984115, 2.976516, 1
4.747944, 0.653669, 3.582186, -0.918372, 1
6.858214, 5.360640, -5.265217, 1.570567, 1
2.204297, 5.781515, 5.846631, 5.917297, 1
0.775184, 2.444672, -3.795902, 7.342108, 1
-3.481378, -2.404902, 0.557888, 0.203753, 1
5.005299, 8.015192, 0.836342, 7.634385, 1
3.339865, -7.129592, 4.239578, -2.714751, 1
-1.016035, 2.102792, 6.168870, 10.952071, 1
2.679727, 2.690654, -2.352007, 0.988634, 1
-2.127128, 6.065609, 1.031221, -7.074562, 1
-2.930503, 3.245020, 0.764539, 7.451380, 1
9.440489, 1.986453, 3.283636, 2.855499, 1
3.452723, -1.461040, 8.212935, -1.577884, 1
-3.166483, -0.243110, -0.800001, 1.638412, 1
8.260680, 3.989656, -1.567025, -0.360506, 1
-5.454351, 5.164148, -2.034832, 0.112086, 1
1.052657, -1.819898, -1.193313, 1.883799, 1
0.377286, 6.059888, -0.180951, 2.488737, 1
-3.959122, 7.016019, 4.944826, -0.804922, 1
-3.159457, -1.314861, -1.247410, 3.116306, 1
2.341398, 4.886370, -4.721826, 2.710801, 1
1.069082, 2.264897, -3.108492, -0.485128, 1
-1.797037, 0.847110, -2.983255, 0.529934, 1
8.189066, -1.527144, 1.269504, -7.000535, 1
8.265089, -1.543187, 1.192750, -2.365888, 1
-3.190620, 7.444367, 4.421144, -6.277847, 1
1.687616, -0.264425, -1.747825, 5.328536, 1
3.459778, 4.990112, -4.497229, -6.322415, 1
1.786028, 2.803440, 3.285184, 1.405572, 1
4.940022, -0.152273, 1.468328, 6.743731, 1
-0.788500, 9.277906, -4.493304, -2.373231, 1
1.056015, 3.104133, 3.105531, -0.712272, 1
-1.568762, -5.776831, -7.065147, -1.181322, 1
2.555137, 5.599506, -1.433597, -2.095497, 1
6.346400, -4.181935, -7.533854, 1.195449, 1
-1.768333, -2.853413, -1.973253, 4.149511, 1
7.837832, -0.015966, 0.453851, -2.633446, 1
3.900562, -0.068345, -1.971601, 0.870408, 1
-4.724075, 4.215882, -8.010487, 1.437503, 1
9.897144, -0.305944, -1.009633, -4.607348, 1
-2.872282, 0.144149, -9.148414, 1.458690, 1
2.614229, 1.588855, 1.983008, -1.207516, 1
-4.679628, 2.829883, -4.335246, 4.524715, 1
0.064758, 3.350833, 0.694468, -0.193483, 1
-3.950322, -0.749325, 3.611551, -6.255327, 1
0.126455, 3.030555, 0.845109, 0.480106, 1
-2.077407, -2.528202, 0.382659, 0.525428, 1
3.790597, -2.385399, 5.642438, 0.107456, 1
4.339403, 4.906042, 2.183378, -4.617433, 1
2.492013, -7.902581, -2.389212, -3.838072, 1
-1.105365, -3.739660, 1.656098, -4.408343, 1
4.382814, 2.756308, -6.626850, 6.146809, 1
1.993429, -2.652367, 1.766527, 3.873511, 1
2.332194, 2.393650, -3.172632, 1.686946, 1
0.141949, -7.635206, 3.280686, -4.437854, 1
1.447487, 6.471557, -2.125551, -0.506639, 1
-2.273780, 1.975985, -0.827827, -1.561714, 1
-2.311834, -3.645573, 2.226514, 5.822321, 1
-6.282230, 5.507198, 3.351283, -6.028429, 1
-0.112919, 3.290253, 0.645164, 5.346324, 1
1.605931, 7.586403, -3.941249, -4.670406, 1
-3.274708, 9.325212, 5.564436, 1.995772, 1
0.940082, -3.761380, -0.422970, 2.126935, 1
-3.997464, -2.209519, 3.076236, 5.930352, 1
-0.777165, -1.560645, 7.037708, 1.679201, 1
-1.449669, 10.193545, -1.900494, 3.508863, 1
3.036604, -0.589976, 1.509263, -0.222448, 1
-2.593187, 1.600297, 1.899243, 2.053721, 1
4.649016, 8.004242, -3.011907, 4.357086, 1
1.713999, 1.063236, -2.361456, -1.963620, 1
-8.429858, -0.549978, -1.073086, 3.452668, 1
5.994116, 6.392771, 4.008060, -1.732735, 1
0.477166, -0.604232, -0.666272, 0.379869, 1
-0.734193, 5.841547, 3.831702, 1.976661, 1
11.293113, -2.008992, 0.235627, 2.941979, 1
7.613170, 5.941282, 1.938141, 5.308330, 1
-3.196177, 4.676023, 9.182206, -2.320376, 1
0.879877, -2.225317, 3.401444, 4.463306, 1
1.343409, 2.355728, -6.015494, 2.668218, 1
3.693354, -2.389904, 1.818722, 5.099586, 1
3.136298, 7.932737, -7.026832, 1.783089, 1
9.546441, -1.711141, -2.877393, 2.117490, 1
3.095905, -0.216247, -0.068194, 3.856240, 1
2.915204, 0.576575, 2.564279, 2.882242, 1
0.904973, -3.009624, 1.864863, 4.143000, 1
-0.789920, 0.347712, 6.822593, 0.239291, 1
-2.812048, 4.090577, -2.074201, -3.249343, 1
-1.725895, 5.892140, 8.606099, 0.976376, 1
2.377670, -4.096664, -3.092415, 3.114664, 1
0.096089, -2.330888, 0.732790, -4.318071, 1
-6.063389, -4.902279, 1.745317, -3.503118, 1
-0.648271, -3.000568, 0.864570, 0.159264, 1
-3.560311, 2.108881, 2.152804, -0.138516, 1
2.261162, 6.036172, 2.494122, 5.411975, 1
1.249981, -0.516925, -4.946001, 3.410578, 1
-1.434100, 0.134142, 4.788697, 4.111654, 1
2.950896, -2.129241, 0.672847, 3.458562, 1
1.508758, 3.976770, 4.651285, 3.910610, 1
3.100950, 1.530296, 0.910289, -2.193458, 1
-2.329551, -3.405198, 6.596078, 0.133394, 1
1.405552, -3.476504, 4.039038, 0.542746, 1
-8.750888, -0.742920, -1.692881, -6.741206, 1
7.291872, 2.255118, 0.633199, -2.506465, 1
-3.738360, 1.338851, 5.377666, -0.620786, 1
0.505470, 1.847373, 5.386148, -3.059243, 1
5.201323, 2.789094, 8.976283, -1.615329, 1
-4.375599, -1.947693, -4.244947, 4.115619, 1
-1.560969, -8.294984, 2.250781, 1.390723, 1
3.710186, 0.879304, 8.079083, 4.081590, 1
-4.032772, 4.095889, 4.393222, -3.970796, 1
3.361371, 8.598303, -4.386449, -0.109315, 1
-3.559164, -1.362312, 4.634889, 11.350459, 1
0.304072, -4.515846, -2.394760, -0.092144, 1
-2.139877, 3.400541, -4.970710, 7.197945, 1
-5.441976, 0.682551, 4.273829, 0.753193, 1
-2.106255, -6.233162, 5.511339, -6.169876, 1
-5.843391, 4.876497, -3.550219, -8.067155, 1
3.520884, 7.930642, 5.099769, -3.171949, 1
-0.198438, -0.866577, -0.789908, -0.535756, 1
1.701607, 4.147393, 2.069071, 0.937011, 1
10.003430, 6.198098, 1.364313, -6.661187, 1
-1.785233, -3.068578, 2.421765, 1.130687, 1
-10.226901, -6.105662, -1.437796, 2.895711, 1
-7.072174, 6.166355, 3.488148, -1.772378, 1
-4.957193, 3.415761, 4.237816, -3.914311, 1
0.960381, 3.814190, 4.814377, 0.061812, 1
6.581128, 8.394729, 0.033824, 5.454263, 1
0.768632, 5.785324, 1.147897, 5.974700, 1
-1.235241, 7.023282, 1.811138, -1.492312, 1
4.560900, 0.660358, 1.885402, 3.624574, 1
1.086381, -4.159935, -3.197753, 3.023545, 1
9.346707, 1.111702, 5.138042, 5.526633, 1
-5.430466, 6.665134, -6.862749, -2.908594, 1
-3.817838, 4.296592, -4.938375, 2.320652, 1
8.221252, -1.570748, 2.412168, 1.350786, 1
-5.878695, 2.964082, -1.535456, 0.038956, 1
0.391916, 12.373210, -0.108910, -2.911261, 1
1.792194, 1.120688, 1.431995, 3.863528, 1
4.667695, -3.687295, -1.720906, 0.943710, 1
1.237078, -2.462134, 1.827325, -3.760739, 1
-1.147005, 0.731575, -2.155594, 5.514185, 1
0.655970, -4.288926, -4.642310, -1.024000, 1
4.487612, -1.675363, -0.562405, -0.784808, 1
-3.605280, 0.373813, -3.417177, -3.429392, 1
-1.536914, -1.336832, 4.217151, 8.643381, 1
9.442408, 2.675560, -2.985861, -1.842282, 1
-0.137390, 3.380373, 2.832130, 3.131952, 1
4.757222, -2.700982, 4.454289, -1.504980, 1
1.851769, 0.594219, -0.923799, -2.066993, 1
1.116493, -3.317342, 3.266573, -1.960520, 1
-1.357709, 2.995631, -2.437032, 5.702897, 1
8.028063, -0.863033, 5.467848, -2.277655, 1
0.700645, 1.702916, 0.113587, -6.135607, 1
3.253205, 2.235673, 7.356257, -0.305965, 1
5.221458, 1.089216, -3.405783, -5.172412, 1
6.506113, 0.043742, -2.486773, -3.174227, 1
-0.571512, 2.699798, -5.976282, -1.413415, 1
11.291687, 0.283361, -2.711274, 5.304673, 1
1.154174, 10.182108, -5.349453, 3.333432, 1
-8.099222, 0.195579, -2.013639, -5.392848, 1
4.327808, -0.572249, 1.447680, -4.038233, 1
-2.867451, 8.505528, -1.199244, 1.224269, 1
5.335053, 2.997456, -2.537887, 0.120064, 1
5.995868, -0.410157, -0.380892, -2.961518, 1
9.634097, 4.690162, -4.654083, -0.462086, 1
1.682573, 5.256208, -4.905206, -4.322573, 1
5.062529, 0.115305, 7.446027, 6.200196, 1
2.556297, 6.096092, 1.864089, 4.595068, 1
3.992826, 1.445005, -4.242581, -2.129628, 1
1.685155, 2.689421, 1.975719, -6.024303, 1
0.040666, 1.549914, 7.106311, -2.081935, 1
-3.157224, 1.414345, -0.272517, -2.088936, 1
-6.174124, 7.788459, -8.340382, 4.414299, 1
3.412604, -1.847887, 0.535510, 7.187955, 1
12.488375, 5.609821, -1.693451, -1.616651, 1
-2.466556, -1.299383, 0.910496, 8.401451, 1
0.097994, -4.939858, 2.284259, -2.445360, 1
1.053687, 3.424725, 6.412781, 7.922837, 1
-5.651407, -3.735083, -3.017980, -3.728922, 1
4.548707, -1.376799, 4.424852, 1.722027, 1
0.742320, 8.899092, 4.818769, -3.765151, 1
3.051063, -0.347840, 3.675983, 5.374739, 1
2.791438, 2.829151, -0.124416, 7.698475, 1
0.871511, -1.928815, 2.097834, -3.416792, 1
-8.350463, 2.594263, 4.028038, 0.869207, 1
2.306993, -0.572282, 3.244732, -3.125838, 1
0.011227, -2.978405, 4.155818, 3.526683, 1
7.429172, -0.748836, 6.246388, -5.338494, 1
-1.557226, -1.204329, -2.844605, 4.780978, 1
5.465146, 1.545331, 7.615353, -0.429726, 1
2.558158, 1.836111, 4.896640, 0.097807, 1
8.809898, 6.214578, 5.659545, 6.606183, 1
0.119992, 2.586581, 0.343705, -3.340436, 1
0.287966, 4.736459, 3.885193, -8.478227, 1
0.432978, 2.465556, -0.131881, -0.316278, 1
-0.391820, -2.580300, 6.336542, 4.117588, 1
3.635105, 0.393845, -2.385047, -4.636058, 1
-6.018560, 6.517196, -0.853062, 0.904796, 1
1.308619, 3.385230, 0.522199, 1.299864, 1
0.574045, 1.422741, -6.203297, 2.946073, 1
4.441026, 0.553339, -1.383583, -1.755212, 1
-3.527744, 8.205958, -2.320733, 1.073620, 1
-7.741644, -1.349597, 7.274144, -1.429201, 1
0.791851, -0.263952, 1.384799, 7.529769, 1
-5.993058, -1.035803, -7.434976, 5.672822, 1
-1.230877, -0.399965, 4.086914, -0.940737, 1
2.423214, -1.963279, 4.602566, -3.362510, 1
2.655956, 7.293561, 8.687292, -0.549024, 1
2.687085, 3.135564, -7.827108, 1.499345, 1
-8.858711, 1.390612, 1.459464, 3.919387, 1
1.089915, 1.302730, 0.734559, 3.184208, 1
-1.977643, 0.046895, 3.618000, 2.318120, 1
8.249994, 0.673463, -4.973930, -3.584680, 1
3.880318, -0.039856, -5.773980, 2.648832, 1
4.348241, -0.999512, -1.002421, 6.655518, 1
0.650468, 2.287851, 7.809956, 5.338931, 1
2.090699, 2.217715, -5.628586, 1.462669, 1
-2.507298, 0.512041, 5.862376, 6.236025, 1
7.257134, -4.147988, 3.902316, -2.970641, 1
-0.807002, 6.326782, 6.095536, -0.792356, 1
1.193994, 2.394176, -2.319761, -2.950711, 1
-0.019895, 5.738714, 12.634042, 1.207036, 1
3.400702, -2.344565, -0.331627, 3.112786, 1
3.215231, -6.548107, 1.450868, 5.000306, 1
-2.993606, 6.369149, 6.256131, 6.743812, 1
-1.316980, 1.434949, 3.394086, 3.806586, 1
-11.140448, -0.636851, 4.208674, 5.142126, 1
6.731373, 1.259973, 7.382073, 0.988136, 1
6.178170, -3.040069, 1.121160, -0.428207, 1
-2.705572, -4.829137, 1.789273, 1.965915, 1
-0.370042, -0.422045, 4.380206, 2.655063, 1
10.963420, -2.033931, 6.634482, 2.621504, 1
-0.613983, 1.292289, 1.061742, 7.806321, 1
-2.529790, 1.371550, -1.392000, 7.038615, 1
0.509584, 1.149830, -2.314205, 0.863590, 1
0.880868, -2.014764, 6.141788, 4.322930, 1
4.791470, 1.757119, 2.626340, -0.515146, 1
4.474731, -1.052107, -6.548843, -2.060701, 1
3.555938, 4.313340, 6.885455, 3.461210, 1
4.780363, 8.435493, -4.692828, -1.709205, 1
-1.465683, 0.612236, -1.432885, 3.359979, 1
-0.123770, -0.259306, 6.173973, 2.097385, 1
1.191994, 2.313885, -1.115768, 4.145417, 1
5.346738, 1.723151, -0.139764, -5.865824, 1
-1.291678, -5.211116, -0.176075, 0.468401, 1
6.518547, -1.515938, 1.825500, -1.065818, 1
3.206471, 3.534730, 0.707930, 0.780708, 1
-2.090876, 7.680991, 7.717818, 3.267883, 1
-3.520292, -5.783497, 2.753400, -0.396958, 1
1.217697, -4.900481, 8.508029, 2.867575, 1
0.669227, -4.427442, -4.433230, -2.680981, 1
-2.410724, -2.969683, 3.008365, -1.408661, 1
8.008991, 4.430343, -1.643931, 1.685437, 1
3.823853, 7.001090, 1.168952, 0.350960, 1
3.378246, 4.247844, -5.838348, 1.665565, 1
2.878343, 3.800546, -1.829295, 0.923454, 1
-2.100804, -1.312235, -10.019360, -5.995767, 1
6.127528, 0.818825, 4.315786, -4.015762, 1
2.117550, 1.585311, 1.787828, 0.637666, 1
-2.682577, 3.069694, 9.434625, -1.366262, 1
2.292921, 1.082297, 0.966047, -2.444822, 1
-1.880112, 0.973850, 6.251834, 0.773064, 1
4.661984, -1.384725, 6.443474, 6.647142, 1
6.330041, -10.205791, 2.942099, -4.448352, 1
-5.869084, 1.796630, 7.009947, 1.336008, 1
-2.912240, 2.996787, -0.576008, 2.444499, 1
-3.454769, -0.963717, 8.331558, -5.678809, 1
3.169669, -4.709213, 8.561889, 2.073561, 1
1.283688, -2.358526, -1.720762, 1.824709, 1
4.613255, 8.990580, 0.235948, -0.642917, 1
-1.762990, -0.150682, 1.458087, 4.639241, 1
-4.122111, -0.527128, -4.551043, -0.273579, 1
2.677785, 3.524120, 3.341430, -1.656514, 1
4.903131, 8.674303, 0.644239, 5.758283, 1
4.475744, -4.465728, -0.784702, 1.331807, 1
4.070910, -5.185954, 1.652426, -2.383386, 1
0.925077, 1.919253, -0.800440, 3.368918, 1
-1.600921, 0.438900, -0.881350, -5.063223, 1
-1.727667, 5.131890, 3.567288, -0.839639, 1
1.563798, 0.874893, 1.247755, 5.010276, 1
-0.288212, -6.339975, 0.606018, 2.945148, 1
2.226230, 4.661625, 3.912542, 4.251787, 1
2.280898, -5.302733, 0.715177, -5.978188, 1
3.474916, 4.661455, -1.493908, 0.393437, 1
2.721822, -1.686567, -6.647899, 4.433041, 1
3.018710, 9.408045, -0.937361, 6.951178, 1
-3.147122, 0.207870, 6.122236, -1.044598, 1
3.772009, 4.671385, 8.590494, 3.511979, 1
-4.647435, 5.770374, 4.135973, -0.634563, 1
2.828078, -7.108336, -0.393887, -0.025476, 1
0.360248, 6.923891, -5.403190, 3.085217, 1
3.232226, -7.037275, -1.138465, 7.516951, 1
0.560661, -10.798818, 6.816717, -8.008868, 1
3.447684, -3.454373, -0.276438, -4.827483, 1
-2.020487, 9.745664, -6.889039, -3.827157, 1
-0.663547, 1.319349, 11.023205, 1.736012, 1
3.698877, 0.474343, -3.216484, 5.294643, 1
-2.743339, 4.224395, 2.655230, 0.487706, 1
-0.687871, -3.030301, 1.481197, -1.300544, 1
2.989593, -0.648443, -2.769319, 4.531178, 1
5.563450, -1.719147, 0.749670, 9.723456, 1
2.936088, 4.535606, -0.228529, -5.140737, 1
-2.919157, 4.565854, -2.820362, -0.697746, 1
0.472081, 1.267425, 5.180172, 4.813560, 1
6.855561, -1.410557, -3.303943, 2.509391, 1
2.838344, -5.824943, -5.821058, -2.798057, 1
0.977132, 1.745506, 5.929590, -3.023228, 1
2.393083, 6.961934, 1.359737, -3.237670, 1
3.597205, 3.218135, 2.446008, 7.093848, 1
-2.416070, 10.251431, 6.801275, 2.144508, 1
2.758722, 4.126324, 2.010742, 7.513460, 1
8.628083, 2.244843, 0.892038, -0.456723, 1
0.856187, 6.793606, 8.465442, 3.336324, 1
-3.214486, 4.404871, -4.896270, -1.454981, 1
3.612788, 0.557889, -8.718614, 5.010979, 1
-3.894441, -3.830091, 7.600430, 5.899266, 1
-0.819028, -3.381169, 6.366059, 6.481458, 1
4.486982, 8.186145, 4.854669, 2.931713, 1
-2.969967, 3.452769, -2.230265, -3.047338, 1
-1.967287, -0.862855, 5.913508, 2.136713, 1
0.941955, 5.076004, 9.004512, 8.480528, 1
11.309371, 10.203708, 0.627378, 1.738000, 1
2.254303, 5.402299, -5.621111, -2.948227, 1
-0.778291, -1.710161, -3.194671, 4.420446, 1
1.547506, 3.428322, 7.697342, -2.188478, 1
1.830009, 3.973154, -0.563110, -1.070875, 1
0.656377, 2.731655, 0.469482, -3.915031, 1
-4.624847, 5.173366, 2.721422, 6.855065, 1
4.932854, 4.947655, -0.428291, 0.706352, 1
5.040034, -6.818578, 3.604764, 3.617804, 1
0.626378, 2.831109, -2.325778, 10.056178, 1
5.582022, -7.039462, 4.627948, 5.190228, 1
2.143695, -2.532669, 3.841818, 3.224322, 1
1.445041, 0.589074, -0.372969, -12.285441, 1
-4.620268, 6.765062, -2.414434, -1.910686, 1
5.618860, 5.090066, -0.168121, -0.174025, 1
-2.420580, 3.884700, 0.940314, 1.446040, 1
-0.316987, 9.276517, 5.532537, 3.787623, 1
-0.101753, 5.048614, 0.133693, -0.414871, 1
2.398687, 2.765013, 0.428859, 1.832904, 1
-2.848120, 6.782287, 5.857517, -2.570421, 1
0.528203, -3.533985, 4.372780, -6.198115, 1
-1.790534, -2.759511, 4.421096, 3.211920, 1
-2.918979, 0.887841, 5.418010, -0.603272, 1
-3.287374, -5.803185, -7.100763, 2.230537, 1
0.376763, 3.430294, 7.213294, -4.518430, 1
-3.742160, 0.994269, -4.584032, 1.277923, 1
-6.357794, 10.970334, -0.409227, 6.103413, 1
0.944966, 7.046686, 1.938367, -0.803284, 1
1.316294, 0.856051, 3.977258, 1.857933, 1
3.658627, 4.829595, 4.150308, 1.622591, 1
-2.583532, 6.523416, -0.018231, 3.021337, 1
0.225443, 1.765435, 4.135884, -7.729339, 1
-0.344890, 6.456649, 7.109847, -5.861191, 1
4.525324, 2.053714, 2.741718, 2.445102, 1
-0.225557, 0.736571, 0.847643, 2.246474, 1
4.356209, -5.225929, 2.852006, 2.875696, 1
-0.246247, -6.897441, 9.157573, 3.120351, 1
1.539555, 0.117680, -7.176792, 7.318824, 1
1.183089, -8.394529, -2.556101, 0.133676, 1
-1.838111, -9.016375, -0.188674, 3.199620, 1
1.104573, 1.041723, -8.468065, 7.243458, 1
-2.111348, 4.890417, 0.227156, 2.199851, 1
1.189898, 6.463083, -1.532092, 2.104430, 1
0.728311, -5.091431, -6.482336, 4.523824, 1
5.640184, -0.353142, 2.181220, -6.281912, 1
-2.629272, 4.033544, -1.601205, -1.692747, 1
-5.194123, -4.800291, 2.768906, 0.239304, 1
4.295878, 3.455011, -0.582364, -1.411551, 1
10.829178, -0.104874, 3.649397, 1.475899, 1
-5.088483, 2.229231, -4.551188, -3.996815, 1
5.936324, 10.217982, -0.066954, -4.308044, 1
8.593538, 3.786098, 3.632159, 0.042260, 1
4.524035, 3.772581, 7.791550, -0.324664, 1
-0.679556, -2.260135, -4.524587, -3.852160, 1
3.044045, -0.192135, 8.907771, 5.698640, 1
0.193544, -0.866262, 3.064019, -2.224970, 1
7.294060, 9.223564, 3.335218, 9.540977, 1
-1.880950, -0.880076, -2.873220, 4.359003, 1
3.541435, -1.270608, -2.632693, -3.581405, 1
0.158893, 5.621582, 8.033782, -2.849313, 1
-3.134558, -1.275795, 2.199144, -2.209563, 1
1.509121, 0.491724, 1.273224, -3.701572, 1
6.818174, 1.267859, -6.387279, -1.863588, 1
-3.508269, 4.532663, -3.219950, 1.108939, 1
-1.626075, 2.839488, -3.573987, 8.174633, 1
-2.580807, -0.366047, 2.515487, 3.012177, 1
-5.512746, 5.887347, 7.598982, 0.461557, 1
-5.112799, -1.688649, 8.090494, 2.812864, 1
4.778356, 4.623670, 2.809514, 1.089308, 1
-10.270551, 1.077618, 4.807367, 8.960370, 1
-1.721330, -4.288093, 7.817597, 2.264652, 1
-6.726854, -1.675059, 1.728278, 1.718217, 1
-4.287600, -0.446013, -2.313022, 6.313454, 1
-3.235833, 2.056329, -1.928318, -0.149904, 1
0.714790, 0.423256, -0.769096, 7.130582, 1
4.180893, -1.532015, 2.666823, -2.771422, 1
3.015154, 6.173793, -5.186590, 3.817180, 1
2.823343, 1.681999, 0.554679, 1.241088, 1
6.578088, 2.157585, 1.081443, 0.615046, 1
3.986849, 1.873894, 0.087778, 0.930688, 1
5.143171, 5.413363, 1.313606, 0.758446, 1
2.979494, 0.446940, -4.232761, 8.478485, 1
-4.678027, -4.264097, 0.095378, 5.453878, 1
-4.373388, -3.916268, 8.846101, -9.817688, 1
0.302030, 2.474787, -2.160473, 3.018137, 1
-2.168103, 7.760926, 4.373802, -0.665575, 1
0.210290, 8.593247, 6.730501, 5.546783, 1
0.337586, 1.059182, 1.707472, -7.228824, 1
-2.262106, 0.547073, 0.704406, 6.675107, 1
6.473761, 2.365175, -5.383907, -1.070726, 1
13.792319, 3.654859, 10.021994, -4.146940, 1
-0.960150, -0.539580, 0.909815, 0.443464, 1
-0.567292, 7.834952, -3.313428, 3.314356, 1
-7.113712, 2.480329, 1.250102, 1.490512, 1
1.256612, 0.012838, -1.827331, -5.349795, 1
-1.078287, -2.344857, 3.349949, 3.042386, 1
7.213222, -1.840175, -0.834103, 1.980866, 1
6.092448, 5.622047, 1.474898, 0.366140, 1
-0.313503, 3.969622, 3.547585, 6.329600, 1
2.415110, 4.401822, -4.501641, 2.782115, 1
0.426820, 1.538604, -6.960070, 0.135841, 1
4.983575, 0.247805, 4.698973, 5.778828, 1
4.184874, -4.774395, -5.957423, 6.399072, 1
-3.153757, 1.200890, -4.748654, 8.254509, 1
-8.232495, -4.188690, 1.359516, 2.119765, 1
2.953751, -5.578600, -5.496404, 4.165920, 1
1.410042, 4.011751, -1.924705, 2.427002, 1
3.102693, -0.729174, 7.011492, 1.329873, 1
3.634337, -0.515487, 1.373677, 3.577298, 1
3.641143, -0.514461, 6.869997, -1.020080, 1
5.826252, 1.393070, 10.080301, 2.621939, 1
-1.684729, 1.410124, 2.209607, -0.042178, 1
0.036765, 3.307163, 1.420492, 3.697357, 1
2.973039, -1.982960, -5.091072, -0.537007, 1
-1.612378, 6.675689, -1.372388, 1.757127, 1
-0.976022, 3.414523, -2.685111, 3.073759, 1
5.168391, 0.540199, 7.553152, -1.938183, 1
3.958086, -2.444827, 0.037697, 6.972219, 1
1.316109, 0.838069, 6.147348, 1.643266, 1
9.586404, 1.719191, 0.719848, 0.560119, 1
-0.645860, 3.826709, -1.633611, 12.559954, 1
-5.531856, 3.240652, 3.294387, 6.714537, 1
-4.188624, 0.812996, 5.388647, -2.131811, 1
3.440202, -5.157613, -1.902074, 2.019213, 1
5.142951, -0.814078, 2.058106, 3.535053, 1
1.875381, 12.895686, 4.319710, -6.978997, 1
-0.277685, 2.664533, -2.273980, 5.125425, 1
-0.427081, 1.320111, 0.359878, -0.764248, 1
-3.117346, 0.953359, -0.982296, 7.041380, 1
1.983150, 3.332323, -1.840829, 2.484374, 1
0.517252, 5.514510, -6.760026, -2.996842, 1
-1.795725, 0.497453, 6.682736, 3.556111, 1
-2.585644, 6.017426, -0.414519, 3.187932, 1
-4.279275, 7.669237, 6.917516, 8.381831, 1
4.026606, 2.339946, -5.264380, -0.457520, 1
-1.489904, 0.205726, -2.163719, 2.300471, 1
-1.105153, -0.981491, -5.520409, -0.298756, 1
-1.266445, -4.289925, 7.854531, 6.213177, 1
3.570869, 2.679823, 1.924160, -7.000430, 1
0.219485, 2.780539, 0.558623, 2.027099, 1
2.139663, -6.833163, 1.093156, 3.801776, 1
7.434364, -1.741129, -0.289588, -5.223870, 1
-1.417490, -7.917577, 2.677024, 0.286319, 1
4.546444, -1.098834, 1.381199, -1.264805, 1
0.408879, 4.342491, 10.649416, 2.213404, 1
-8.399966, -2.858188, -5.008125, -3.895640, 1
3.587541, -5.018773, -1.274963, -1.303713, 1
2.371594, -1.220493, 1.143571, -1.660522, 1
0.126423, 6.610891, 1.809441, 1.221268, 1
8.149958, -0.733879, 1.966254, -5.907109, 1
-1.290567, 4.843618, 1.034561, -2.241867, 1
0.739907, 3.434067, -1.371551, 4.763765, 1
-5.076751, -1.616208, 3.978845, 1.394376, 1
-3.718589, -8.746585, 0.538513, 2.875180, 1
8.608780, 11.674810, 3.417750, 4.444513, 1
4.819871, -5.966285, 0.931232, 6.864389, 1
-2.381053, 1.801160, 3.277135, 2.596622, 1
4.879160, -0.057265, 4.010771, 2.977099, 1
1.912760, -2.597915, 2.287717, -1.270405, 1
4.560486, -3.877945, 3.921834, 1.001688, 1
2.732838, -2.575254, 1.377103, -4.215525, 1
0.004247, -3.564240, -5.623360, -1.430952, 1
-3.899718, -2.280250, 0.009760, -6.661928, 1
3.711674, 2.266896, -0.449491, -0.103455, 1
-7.824779, 4.754996, 0.557907, 0.653602, 1
0.768577, 8.290268, -1.122963, -0.810156, 1
2.085586, 1.775851, 3.509957, -2.571938, 1
-4.653690, 0.299997, 2.482855, 2.077188, 1
3.463233, 2.717938, 7.586781, -3.419321, 1
3.370257, 1.263086, 2.275545, 7.594971, 1
2.511418, 1.019975, -1.553468, -3.914563, 1
-1.685298, -4.432186, -0.619456, -0.552377, 1
4.488121, -1.382639, -2.042275, -3.236015, 1
-10.322507, 1.606664, 1.699830, -0.683303, 1
-4.070435, 1.327569, -10.163602, 1.538212, 1
0.599233, -2.036275, 5.069621, 5.226373, 1
-1.892386, 2.702684, 2.677175, -1.544201, 1
10.433908, -1.689240, 4.127213, 7.044074, 1
7.508936, 0.823703, 6.443937, 2.810824, 1
0.237255, 0.726837, -0.077274, 3.049540, 1
-7.909907, 0.712618, 6.770216, -1.636919, 1
-0.356357, 6.361664, -0.472343, 3.180996, 1
6.803626, 0.585047, 1.229157, -3.337095, 1
1.010513, 5.223971, -0.904174, 5.342357, 1
-0.018623, -3.261182, 3.858320, -4.087794, 1
3.223172, 0.951551, 1.027045, 3.474175, 1
-1.611157, -2.482541, 5.517762, 3.506867, 1
1.718826, 2.469567, -3.888433, 0.997572, 1
-1.617674, -4.331669, 3.655477, 2.627922, 1
3.647463, -2.815442, 0.588552, -0.585951, 1
-2.662499, 0.751020, 0.160916, 2.024610, 1
-0.176123, 0.536061, 5.183976, 0.409164, 1
4.276060, -0.267712, -3.084681, -0.371805, 1
-6.897082, -3.859105, 4.823194, 5.159108, 1
0.002151, 4.682255, -0.306403, 4.832207, 1
-0.343189, 0.447073, -2.945525, 1.377265, 1
3.369555, 0.195227, 2.498294, 1.432061, 1
0.846384, 6.958798, 6.164244, 6.013560, 1
5.839300, -9.909070, -0.290538, -12.234454, 1
2.668606, -3.941129, 0.940641, -1.375988, 1
0.397367, 2.184725, 2.746459, 0.547042, 1
3.610372, -0.747196, 5.630692, 5.194525, 1
2.718729, -0.210651, 1.187398, -0.926929, 1
5.612556, -1.412835, -0.970684, 11.088264, 1
2.958106, 2.096241, -0.994970, 1.554641, 1
-3.877059, -1.144355, 5.790153, 3.623111, 1
10.578316, 3.170369, 3.961209, 0.182389, 1
2.466500, 0.422450, -0.544358, -5.291960, 1
7.189644, 2.938483, 2.608906, 6.303896, 1
-2.719053, 2.192751, -0.913235, 6.790641, 1
-0.297180, -5.064100, 4.053117, -0.053910, 1
-3.479742, -1.147416, 4.926154, -0.207392, 1
-0.940428, 4.069083, 6.722576, -8.657293, 1
-3.987736, 8.731616, -2.372290, 2.375195, 1
2.931622, 2.192818, 2.761951, -3.515951, 1
-6.648213, 4.526465, 0.851826, 4.363626, 1
-3.461418, 2.630078, 8.404080, -5.752028, 1
-1.620332, -1.854688, 1.306362, 6.824446, 1
3.185198, 1.216383, 1.110494, 1.031728, 1
-0.553238, -0.594760, -7.257232, 3.371367, 1
-9.624101, -2.585987, 1.578030, 0.570034, 1
1.832572, 4.438106, 6.403128, 1.512695, 1
0.668634, 5.864738, -2.005931, 8.597979, 1
1.524380, -3.777962, -5.421320, -3.919470, 1
1.865449, 4.712199, -0.684680, 6.989385, 1
4.747305, -1.968975, -0.485205, -3.134688, 1
-3.835766, 5.314008, -6.223228, 0.771914, 1
6.450926, -0.421345, -4.473537, 1.771737, 1
-1.053750, 10.811726, -4.691794, 0.740559, 1
-2.854766, 2.602429, 1.832559, 3.030467, 1
-1.164606, 2.543465, -5.980799, -5.550069, 1
-3.112585, 1.249216, -3.473484, 0.326943, 1
2.394895, 2.794629, 7.375877, -4.316918, 1
2.136968, -3.940068, 1.844554, 0.739932, 1
3.116457, -5.873171, 2.323954, 6.125076, 1
4.125964, -8.116256, 0.310598, 1.818286, 1
2.665540, 2.984825, 18.966593, -1.877444, 1
-1.128750, 2.429820, -3.668251, 2.948831, 1
1.821512, -2.114747, 2.200877, 1.121724, 1
-1.626828, -3.850583, 2.422691, 5.250040, 1
1.677928, 6.075335, -0.740177, -5.929863, 1
-1.531268, 2.523303, -3.739647, -0.952248, 1
1.041946, -1.355440, 8.800420, 0.259216, 1
5.923026, 2.823059, -1.913495, 4.715015, 1
1.453734, -0.849592, 7.597608, 0.385687, 1
4.684731, 4.206855, 0.784140, -0.128048, 1
4.392785, 4.068394, 4.204582, -3.161955, 1
4.153058, 1.887613, 0.229610, 3.013471, 1
0.192267, -5.064600, 2.054338, 1.520312, 1
-3.273323, 6.267280, -6.363268, 4.165750, 1
-5.414973, 1.054568, 2.846645, 6.930304, 1
8.034445, 0.189418, 8.130610, -1.115799, 1
1.512684, -4.387546, 3.222039, 5.188240, 1
3.396339, -4.477889, 3.456531, -3.219370, 1
-5.099426, -3.040600, -2.065950, 0.954627, 1
-3.316095, -1.389125, 4.608206, 5.246908, 1
1.753470, 9.398870, 1.921789, -1.009309, 1
6.270633, 6.027108, 1.083789, 2.557158, 1
0.535975, 1.100542, 1.939029, 7.910984, 1
1.263790, -3.112306, -3.565912, 3.222546, 1
-2.895622, 3.722313, 3.423342, 7.496674, 1
-4.676398, 9.950211, 7.698989, -3.979214, 1
3.965669, 0.658153, 3.414042, 2.030256, 1
0.045973, 1.072748, 0.007109, -5.695501, 1
3.832479, 1.480629, 4.201162, 3.366630, 1
-1.098512, 1.223848, 2.825221, 0.711833, 1
6.524697, 1.498684, 4.861982, 7.612715, 1
-5.972080, -0.679923, -5.835161, -1.231469, 1
6.382850, -1.886097, 4.564870, 0.740188, 1
-2.412447, 0.010292, -1.974069, 2.405886, 1
5.697468, -5.082796, 2.805234, -6.426936, 1
-2.978620, -1.554841, 1.346903, -1.795363, 1
-5.574917, 5.188545, 4.917222, 0.562610, 1
2.147887, 8.700436, -2.021739, 3.731864, 1
-2.568049, 0.519007, -3.615006, 2.646389, 1
-3.186775, 1.010548, -1.378900, 3.351680, 1
1.839109, 1.655620, -3.534811, 2.548065, 1
-0.347463, 0.472632, 6.370295, -4.171000, 1
1.899944, 0.831889, -3.906396, -0.664984, 1
0.466375, 7.869117, -1.345255, -0.262254, 1
2.765107, 0.715510, 2.761142, 4.261205, 1
-4.835717, 3.971942, -6.275301, -3.654495, 1
-1.939133, 0.819427, 4.486022, -2.163705, 1
-2.053339, 0.134298, 1.168360, 3.113778, 1
0.602201, 3.224379, 7.761726, -3.722098, 1
4.955963, 1.618432, -0.821945, -2.963654, 1
-0.405292, -2.704205, 3.241979, 1.410328, 1
4.546510, -2.617006, 2.230944, 7.933162, 1
-3.347305, -2.230220, -4.453399, -8.362257, 1
3.214740, -1.290095, -6.827269, 7.522783, 1
-3.717020, -4.719122, 1.112802, 2.267922, 1
-3.534780, 3.131151, 1.722569, -2.016658, 1
4.084125, 1.997687, 1.159891, 2.134672, 1
-2.713090, 0.975022, 1.494777, -2.374027, 1
0.438195, 7.875158, -3.029483, -0.055646, 1
9.234782, 2.684096, 4.905374, -0.417513, 1
4.071575, -0.839564, 4.126377, 4.199005, 1
8.295030, 0.196813, -4.196743, 2.436116, 1
4.898426, -1.223149, 4.804797, 1.155258, 1
5.214536, 7.318021, -1.802793, -1.658626, 1
-3.090651, 8.231311, 0.844587, -1.573709, 1
-3.783347, 0.892128, -6.892687, 0.669584, 1
5.851580, -1.342787, 4.075471, 9.131757, 1
-1.050155, -5.892678, -0.494050, -2.815408, 1
3.095428, -0.208058, -0.981432, -2.025698, 1
-1.250295, -2.982342, 0.514916, 4.880442, 1
1.476573, -3.788603, -1.513482, -6.868063, 1
-1.631440, 0.376338, -2.831671, -0.556269, 1
3.842470, 3.715727, 0.427530, 2.381749, 1
-0.632425, 0.977293, 0.401042, 2.229661, 1
-1.505644, -2.386893, -2.886872, -0.595402, 1
-0.267340, -4.430612, 2.550830, 3.712110, 1
2.599560, -1.441115, 2.700522, -1.103524, 1
5.282227, 2.422532, -2.343032, 4.227652, 1
3.772275, 1.234672, 5.807830, 5.798321, 1
-1.569956, 6.503369, 1.257297, 0.912100, 1
2.187645, 6.991029, -3.429486, 2.835346, 1
3.089624, -8.145339, -6.435465, 4.103110, 1
2.370473, 3.789621, -2.029681, -3.471278, 1
8.328702, 5.638432, 4.442227, 6.318811, 1
3.488836, 2.903916, -6.721908, -4.616895, 1
-3.219531, -0.243398, 2.800048, -4.087425, 1
4.245343, 3.446472, 6.271228, 1.184828, 1
-1.340238, 3.259515, 3.940511, -2.664127, 1
0.990507, 2.404864, -3.088703, 3.033011, 1
0.479813, 5.833769, -3.370362, 2.542239, 1
4.666530, -4.684027, 0.787901, 4.941680, 1
-6.098438, 7.607527, 5.342623, 0.009876, 1
5.161025, 2.988864, 0.790979, 4.516354, 1
1.458482, -1.236523, 2.087465, -1.357041, 1
2.094209, 6.952995, -5.800407, -2.599428, 1
6.755420, -2.272731, -0.484976, 3.955248, 1
0.245084, 9.598329, -1.955997, -1.754091, 1
-3.784918, -1.547312, -0.314236, -1.908120, 1
-5.280080, 6.014426, -0.869804, 2.508962, 1
-1.610261, 1.085648, 4.820947, 0.851974, 1
-3.302172, 1.172574, -2.560037, -1.280420, 1
3.854300, 1.239065, 3.047609, 6.743805, 1
-2.678776, -0.573555, -3.174291, 1.615557, 1
1.350640, 2.147611, -1.630719, -14.889101, 1
-1.781358, -2.203178, 0.170815, 3.723402, 1
7.437680, -0.588894, 5.819541, 1.458348, 1
-0.820092, 8.677136, -0.038022, 6.602173, 1
5.424589, 1.359479, 4.910539, 6.062786, 1
-0.161156, 3.412572, 3.083579, 2.551756, 1
-4.324247, -6.701129, -1.160229, 4.350211, 1
0.208059, 1.289784, 0.679244, -6.536039, 1
-4.549237, -2.057460, 3.422869, 5.825850, 1
-0.852174, 1.104777, -2.086884, 5.532559, 1
8.796314, 6.016979, 10.229842, -1.172740, 1
2.409440, 0.034639, 1.057755, 2.989523, 1
-2.650000, 3.003654, -2.362533, 0.399347, 1
-2.953232, -1.116451, -3.480659, 0.303815, 1
3.592925, 0.396244, 6.096110, 3.206074, 1
-3.216635, -3.048938, 1.623450, 3.500434, 1
2.317026, 1.979997, 8.671146, -0.118804, 1
4.803154, 5.826909, 2.859761, -4.657822, 1
-1.512081, 3.501603, -3.995424, 5.556576, 1
1.500639, 6.926794, -2.879844, 2.884911, 1
-3.728038, 0.193496, 4.640149, -7.623192, 1
-6.222162, 6.753789, 5.742221, 5.985245, 1
-4.710219, 4.845849, 0.508645, -2.499063, 1
-4.838644, -3.211811, 1.431605, -4.387362, 1
7.831357, 2.801767, 4.830444, 3.034998, 1
4.628365, -1.237352, 4.650129, -1.667295, 1
6.278046, -2.549779, 5.090414, -2.630072, 1
0.511851, -3.975710, -2.704041, -0.485645, 1
7.085283, 6.807631, 1.876204, 0.003674, 1
-1.245869, -6.571681, -6.963213, -3.468989, 1
0.816698, 1.721595, 5.142123, -9.884271, 1
-3.209404, 7.701861, 1.661832, -1.910185, 1
5.132273, 3.264991, 4.046841, 3.456813, 1
-0.805586, 4.551752, -1.012102, 5.573265, 1
0.743195, 8.282011, 0.429203, 3.254110, 1
1.972081, -4.880232, 0.588822, 6.468829, 1
8.775709, 1.608596, -1.687307, -4.566080, 1
-0.067488, 1.564455, -0.202685, 2.959601, 1
0.374591, 3.526442, 0.832773, -2.462713, 1
-2.221990, -0.810208, -0.728124, 2.361582, 1
0.714255, -0.795191, 0.599746, 5.667428, 1
-15.058719, -0.026913, -0.067019, 4.658803, 1
-2.131610, 1.144756, 0.599876, 7.425667, 1
3.986200, 0.981809, -2.540501, 2.827963, 1
2.542040, 2.467940, 1.459784, -1.869533, 1
3.461841, 3.604231, 3.371403, 3.838982, 1
0.219049, 0.994407, -0.402302, 5.257640, 1
-0.367619, 2.151559, 0.239358, 5.226303, 1
-3.830569, 4.021832, -2.183739, 1.448606, 1
-2.350067, 4.269804, -1.850558, -0.724559, 1
-0.521099, -8.259287, 0.278055, -4.436028, 1
-0.315455, 0.591828, 4.393774, 6.653866, 1
3.545916, -2.149134, -3.432573, 1.319276, 1
1.985727, 1.645484, -1.026480, -1.815799, 1
-5.427644, -1.691843, 2.321382, -1.190492, 1
2.838258, 4.555752, 5.487536, 1.934061, 1
-2.329356, 2.011484, 1.694353, -2.392155, 1
7.051260, 1.407786, -4.411163, 4.566830, 1
3.227893, -4.359647, 1.254998, -3.167468, 1
3.020325, 0.114064, 3.666122, -5.594573, 1
0.404437, 4.810978, 4.767184, 2.905989, 1
1.765312, 6.130233, 2.382423, 2.499041, 1
14.960638, 1.135198, -7.077595, 1.602950, 1
3.199944, 0.103987, -3.835545, 5.831639, 1
-0.046159, -3.900658, -0.517753, 1.925374, 1
5.192930, 3.395960, -3.440414, 0.369584, 1
1.135172, -5.767074, 3.651647, 3.229499, 1
7.118538, -0.666104, 1.521375, 8.642821, 1
1.360693, -3.357031, 2.490078, 1.540092, 1
1.810124, -6.342394, -4.019729, -4.007890, 1
5.525038, -2.849396, 5.560189, 1.853696, 1
6.018153, 3.043802, 6.822346, 2.817262, 1
-2.188872, -2.843656, -5.076949, -3.325873, 1
-7.858528, -0.988293, -3.230246, 0.383232, 1
4.694185, -0.377784, -6.008674, 10.487805, 1
9.383000, 5.054560, -0.580079, 1.265331, 1
2.565596, -0.204839, 1.632277, -1.055445, 1
4.006032, -1.891583, 2.309661, 3.763398, 1
2.389707, 4.521369, 4.050822, 2.047488, 1
0.759176, 0.000036, 3.147603, 0.097757, 1
3.642582, 5.740707, 5.143933, 6.634974, 1
1.316271, 4.494680, 2.344988, -4.407611, 1
2.426252, 0.137792, -0.051147, -4.298744, 1
3.827812, 1.892426, 3.447172, 1.336045, 1
-1.567471, -0.365273, -1.292665, -2.885505, 1
-1.623831, 0.270382, 13.130114, 2.701928, 1
9.094179, 2.962332, 0.509646, 0.900487, 1
3.433152, 8.327378, 0.991142, -1.970777, 1
6.227121, 0.033874, 3.697314, 1.987855, 1
2.045264, 8.446466, -0.773682, 0.569902, 1
-1.540428, 3.809963, -4.706065, -0.122081, 1
5.335037, 4.673833, 1.910732, 3.437708, 1
-0.630146, -5.212074, 4.554926, 2.669590, 1
-4.940012, 1.371379, 6.953450, -4.857735, 1
1.499221, -8.339010, 5.762031, 0.067686, 1
5.395073, 1.537065, 2.473184, -2.124007, 1
-0.887351, -2.748933, -2.692990, -2.204769, 1
2.153518, -0.399151, 6.117031, 3.329823, 1
-6.523068, 0.027311, 1.949118, -4.167836, 1
3.650444, -2.842493, -5.364824, -9.298106, 1
1.933771, 4.000885, 1.484209, 2.470483, 1
5.372130, 5.132892, -2.489992, -7.439752, 1
0.684684, 6.050162, 0.507459, 1.715891, 1
-3.622682, -8.683732, 7.924802, 4.524621, 1
8.232103, -0.212765, 1.418386, -6.700395, 1
-5.182718, -2.080958, -4.163361, -2.952020, 1
-0.785937, 2.573966, -4.913176, 3.670905, 1
-3.635415, 5.211187, 1.717437, -1.750449, 1
1.218418, 0.004383, -0.772642, 7.172706, 1
-1.354449, -1.555830, 5.970423, -2.905233, 1
12.668315, 6.568897, 1.349918, -0.712644, 1
-5.426009, 4.499557, -0.167566, -0.005919, 1
2.205539, 2.065074, -0.460688, 5.491734, 1
-1.371815, -2.553171, -1.103017, -2.179405, 1
5.635689, 7.560882, 4.901310, 4.659748, 1
0.866835, 2.630016, 2.859268, 3.470491, 1
-2.970762, -1.551505, 5.799225, 4.288073, 1
-2.752508, 7.369988, 4.361663, 3.905387, 1
-7.081383, 12.825593, -2.458091, 2.568475, 1
-2.215966, 1.711322, 8.326082, -6.969212, 1
-1.266565, -0.143295, 1.567387, -0.930446, 1
-2.517514, -5.929678, 3.427002, -1.277399, 1
0.421550, 3.175350, 3.381165, -0.635337, 1
3.901296, 1.210522, -2.011754, 2.585813, 1
6.154398, 1.056925, 6.569672, -0.992121, 1
2.962138, 2.014844, 1.365972, -6.349192, 1
-0.895729, 5.559119, -2.333831, 1.323296, 1
6.602309, 3.273126, 2.669401, 4.024021, 1
-4.031584, -3.499472, 7.298425, 2.834580, 1
-0.210864, 7.862906, -4.087643, 0.440482, 1
-1.735851, 1.407838, -14.094830, 1.332265, 1
7.996220, 2.803671, -10.104476, 3.540826, 1
-5.066815, -1.176032, 1.854409, -1.095113, 1
2.781584, 1.549338, 2.818553, 0.783565, 1
4.869033, -1.464276, 7.491796, -1.145476, 1
1.532884, 0.737592, 1.574987, 0.260588, 1
-0.970416, -0.271154, -0.532514, -0.880670, 1
-4.645213, 4.496499, -0.144488, -4.989547, 1
-3.838707, 0.041747, 7.150887, -2.133849, 1
-2.700657, 1.293663, -2.693460, -3.940998, 1
7.481439, -0.691338, 3.023532, -1.676874, 1
2.078619, 4.270889, 0.822166, 0.073285, 1
5.886652, 5.472483, -0.997415, -2.002674, 1
-0.060719, 4.007612, 6.475816, 1.499327, 1
3.737450, -0.792501, -7.814318, 4.513811, 1
1.843309, 1.813435, -4.417254, -4.036350, 1
1.761967, -6.673749, 3.418166, -4.728195, 1
1.062939, 5.238471, -1.599827, -4.748216, 1
-1.766207, -4.566211, 4.626914, -1.123336, 1
-4.833987, -0.974777, -5.024791, 1.670758, 1
0.188723, 1.007417, 4.624744, -4.698702, 1
3.036394, -1.294754, 1.534031, -0.289455, 1
3.501584, 4.559060, 1.536309, -0.368568, 1
5.085374, -4.242729, 3.394665, -2.645999, 1
-3.131974, 4.889490, 5.676849, 1.316195, 1
-2.430764, 6.466879, -7.711759, 1.020109, 1
-2.083748, 1.308529, -1.552289, 2.006330, 1
-4.799567, -1.415321, 10.286837, -2.696494, 1
-2.135932, 4.004810, -1.680703, -4.565365, 1
-0.787242, -4.438063, 0.241318, 1.486954, 1
-2.103110, 2.889820, 0.585378, 3.559955, 1
-5.408727, 2.482362, -2.590343, 6.665802, 1
-2.159076, -3.131227, 2.840473, -3.523282, 1
-2.689287, 3.355035, -0.746716, 7.180721, 1
0.366638, -0.123907, 2.042301, -5.270764, 1
-0.179880, 5.795392, 2.790084, -2.930821, 1
1.977175, -1.574293, 5.248323, 3.159054, 1
-2.405852, 2.852459, -3.110829, -0.214332, 1
-7.676767, -3.178651, 1.529667, 1.256822, 1
-3.433502, 3.914145, 6.153959, -1.080734, 1
0.109070, -3.659051, -1.850308, 4.507586, 1
8.241018, -4.623175, 0.451025, 1.205937, 1
-1.232997, 0.646233, 0.370718, 8.816092, 1
0.596815, -1.681066, 5.748374, 4.545850, 1
4.865010, 1.421326, 1.319312, 9.286331, 1
3.266534, 0.218411, -0.485694, -2.989715, 1
-0.019531, 0.649679, 1.967956, 3.351506, 1
5.524379, 2.896367, 2.042281, 3.178863, 1
1.375891, 1.880993, -0.098898, 2.463967, 1
5.983248, 4.791797, 4.365175, -2.506196, 1
-1.528204, 2.733305, 2.827605, 6.670367, 1
9.502180, 2.283732, 4.461953, -0.819701, 1
-3.625431, -3.934703, 9.941911, -1.061443, 1
1.584543, 4.842555, 6.291756, 5.433629, 1
1.936050, 7.039379, -4.286714, -0.697439, 1
3.534860, -3.366216, -0.264272, 1.660052, 1
-0.810211, -2.498465, -5.283125, 9.730416, 1
2.407858, 5.400453, 0.519342, -3.264924, 1
-3.916591, 4.043805, -1.782814, 7.000932, 1
1.124693, -5.900412, 2.940450, -4.314746, 1
-6.056953, -0.370070, -1.003893, 6.904214, 1
-0.605794, -5.329629, 0.351320, 3.107444, 0
-1.910315, 1.057734, 1.419245, -10.184961, 0
-5.519479, -7.875009, 3.371786, -6.370334, 0
-1.364386, -5.825870, -6.320582, -1.908776, 0
3.304685, -4.485284, -2.418396, 0.774942, 0
-2.834365, 0.115209, -3.566565, -0.801966, 0
-2.677886, -7.892689, -2.635603, -13.044853, 0
0.120194, 2.730169, 0.996416, -4.484590, 0
5.706256, 0.956887, 4.758605, 1.697717, 0
-0.382366, -1.308279, -1.339558, -0.843101, 0
-4.529618, 1.514640, 2.153168, 2.413810, 0
7.941825, -4.180284, 6.466916, -9.580329, 0
0.672756, -0.271833, 3.510461, 2.474643, 0
-2.200980, -1.732943, -1.758209, -8.826999, 0
-1.889490, 0.137742, 0.785109, 1.448260, 0
-4.900721, 1.947007, 3.335551, 6.874608, 0
1.299521, -2.314500, -5.374552, -6.869725, 0
11.176211, 0.482830, 4.293700, -5.736768, 0
3.752324, 1.013913, -1.163787, 3.904595, 0
-3.666839, -1.440639, -3.703286, -3.279505, 0
0.167741, 1.003600, -5.094965, 0.421433, 0
4.519862, -1.235551, -1.346761, -1.524439, 0
-7.366960, -3.119673, 0.471244, 0.666626, 0
2.329171, 6.205615, -2.238171, -2.813066, 0
4.513013, -1.682614, -2.691471, -5.067015, 0
-3.005032, 1.331785, 0.377859, -4.707952, 0
-2.676777, -2.315804, 0.453777, -3.154419, 0
1.628621, -2.616964, -5.410558, 0.139858, 0
8.855884, -3.579534, -6.057797, -0.904361, 0
-1.070778, -8.951164, 2.130369, 3.419184, 0
0.567896, -4.547142, -1.318616, 4.833396, 0
2.163291, 1.187337, -4.868371, 0.355031, 0
1.903306, 5.392136, -4.350903, 1.628657, 0
0.623752, 1.225419, 0.185870, -1.649503, 0
-8.767270, -2.548302, -2.560240, 2.330392, 0
4.761629, -0.960005, 1.232624, -5.654436, 0
-7.058214, -2.078179, 1.274699, -0.959752, 0
-3.820709, -6.836410, -2.033877, 0.350947, 0
3.237959, -2.795838, 8.316337, 0.314111, 0
-3.700608, -2.563511, -8.125154, -10.907103, 0
2.978183, 5.101729, 3.321603, -2.415184, 0
-6.689868, 0.047851, 12.825645, -2.973579, 0
0.312985, -5.520871, 1.670364, -10.518619, 0
-6.196606, 7.485759, -5.636196, 3.302010, 0
-0.485879, -2.200803, 2.691691, -3.390205, 0
-5.673646, -0.016877, 5.592935, -1.368311, 0
-2.117807, 3.778648, -0.557008, -0.590195, 0
-0.295929, -4.507205, -6.279492, -1.098728, 0
-3.710638, -1.495499, -10.512527, -2.309579, 0
-2.825250, -1.541995, -9.479583, -6.889783, 0
3.166662, 10.193400, 1.486187, 9.137578, 0
0.232080, -7.662056, 3.705955, 12.247688, 0
0.844510, -1.329820, -5.963105, -1.605501, 0
-1.345713, -0.993669, 1.289782, 1.012289, 0
1.818149, -4.056328, -2.600371, 0.397404, 0
-1.478844, 0.147447, 3.039320, 2.768642, 0
0.968662, -7.647668, -2.289159, -2.147964, 0
-5.916466, -6.093288, -1.533851, 0.488514, 0
-0.749037, -1.153668, 1.362930, -4.681636, 0
-1.626366, 1.837041, 2.597762, -4.435554, 0
-6.126855, -1.876069, -0.823765, -2.225471, 0
4.405768, -1.395537, -4.439952, -2.441474, 0
-2.028904, -2.233401, -5.986820, -3.225005, 0
1.842115, -2.678616, 3.242952, -1.317275, 0
5.844611, -4.111092, -1.841594, 10.338844, 0
-1.338619, 0.406587, -3.793228, -6.704539, 0
2.269940, -1.227357, 3.577934, -4.642236, 0
-2.844089, 8.161025, -2.530483, 1.440679, 0
1.292298, 1.835054, -4.751693, -3.154915, 0
-1.752454, -0.810060, 2.909837, -5.888965, 0
1.092712, 2.516145, -1.610243, 7.028894, 0
-1.148108, 8.192520, -1.954731, -3.392993, 0
-4.551401, 2.639661, -0.848457, -2.426560, 0
-3.977402, 1.701712, -3.800094, 2.616325, 0
-4.323308, -5.042632, 0.130858, 0.640284, 0
0.456958, 2.160203, -2.041617, -2.599125, 0
-3.589266, 5.381882, -3.430007, 1.971933, 0
-2.997034, 6.103128, -3.738525, -2.724419, 0
-2.098055, -3.200198, 1.655551, -4.846831, 0
2.886447, 0.903681, -6.242862, 2.152261, 0
-4.925867, -0.459831, -2.944923, -1.559670, 0
-1.633802, 2.548510, 5.530252, 2.529340, 0
6.432044, 6.104667, 4.336257, -4.518814, 0
-4.470878, -7.036398, -2.319758, 2.194976, 0
3.709064, -2.211370, 1.563767, 0.047989, 0
0.186107, 3.258904, -2.770470, -2.495604, 0
0.078518, -2.563283, 0.233954, -1.509510, 0
-5.723562, 0.949658, 2.474290, -2.674033, 0
5.296079, 2.415622, -6.931974, 0.801812, 0
3.027841, -0.068609, -1.187158, -3.162111, 0
-3.759705, -1.554237, 1.500751, 2.217072, 0
-9.431269, -7.411809, -6.597794, 6.276767, 0
2.751289, -7.365561, -3.826933, -5.371692, 0
-3.214006, 0.761847, -0.796703, -6.570752, 0
1.987551, -2.029558, 1.390008, 4.548951, 0
-3.912666, 0.252420, 1.456606, -2.104831, 0
-5.039093, -2.950903, -3.829848, -0.070739, 0
0.141272, 3.556878, 0.121502, -3.251165, 0
-0.940370, -2.689045, -0.217836, -5.918491, 0
3.474932, -3.699249, 5.138201, 2.207538, 0
-1.741326, 4.387510, -0.657139, -3.687388, 0
1.831396, -2.267250, -1.440561, 0.950550, 0
-7.114726, 0.511801, 4.121271, -2.506570, 0
-2.648797, 0.510947, -7.294309, -10.395800, 0
0.383051, -2.068234, 1.636775, -1.008848, 0
1.509858, 3.577361, -3.068630, 1.962030, 0
2.480978, -0.603173, -1.124140, -1.495292, 0
-0.929592, 12.153318, -5.538313, 3.542941, 0
-4.021638, -2.998288, -0.954541, -2.363501, 0
-2.117586, -3.485389, -4.465115, -1.577694, 0
1.188888, -7.276968, 3.312894, -0.442508, 0
2.820112, -2.701601, -2.492561, 1.441923, 0
-5.800103, 3.061838, -4.061634, -2.929763, 0
-3.055110, -1.980059, -6.126442, -5.742798, 0
2.261793, -5.497537, 1.171528, -4.328355, 0
9.275621, 0.650261, 0.830078, 0.363447, 0
-1.496767, -0.456876, -6.737156, -1.529495, 0
-1.390494, -3.733837, -3.436667, 1.629829, 0
0.391169, -6.993344, -5.402686, 2.182904, 0
-6.210742, -6.242499, 4.322744, -4.331469, 0
-3.710498, -7.091835, -5.798049, 1.101602, 0
0.199718, 0.677634, 0.923045, -2.702891, 0
-0.802130, 0.416610, -4.668254, -5.190246, 0
0.256627, 5.292702, -3.587997, -3.373500, 0
-5.635557, -8.086127, -3.274081, -2.165746, 0
1.440153, 6.699104, -9.566049, -3.247602, 0
-0.826585, -0.648043, 5.050018, -0.843745, 0
-1.891416, -6.606348, 3.055517, -3.717697, 0
3.815267, -2.527616, -2.244439, -3.561131, 0
-1.155833, 0.208752, -0.694683, -8.824243, 0
0.599358, -9.717973, -11.623847, -5.201727, 0
-3.054157, -3.148537, -3.946196, -1.639650, 0
-0.903841, -1.790466, 2.373207, -2.076406, 0
2.325133, -5.730529, 2.272878, 1.301981, 0
3.416902, -2.011492, 1.669898, 0.774243, 0
-1.561834, 0.614914, 1.496854, -5.032900, 0
-4.479095, 2.856648, 0.581878, -5.851528, 0
0.924418, 0.287097, -4.526028, 0.003015, 0
-1.291213, -4.367904, 2.813373, -0.584418, 0
9.250271, 5.075704, 1.753477, 1.313047, 0
0.781058, -1.642428, -3.631560, 1.509607, 0
1.469776, -1.914615, -4.207368, 0.308207, 0
3.721286, 0.824188, -0.069297, -1.773717, 0
-0.629002, -3.625540, -0.881829, -2.190504, 0
-7.903424, 1.052253, -4.943936, 4.029698, 0
4.213229, 3.070041, -1.149385, -5.853974, 0
-4.323018, -1.452171, 1.925954, -5.432391, 0
-1.885705, -1.941936, -5.476369, 2.105795, 0
6.924827, -1.207334, 4.917128, 5.166548, 0
-2.988017, 4.071257, -5.419247, 2.105413, 0
-1.934050, -1.965155, 1.948000, 0.875282, 0
-2.582844, 3.153647, -1.820984, 14.135641, 0
-2.386985, -0.581674, -4.310610, -0.401510, 0
0.266885, -0.033853, 6.871437, -3.527436, 0
0.691854, 7.073475, 0.696124, -0.845355, 0
2.571541, -1.587764, 2.256298, 5.859712, 0
-6.993644, -1.877486, -7.084255, 7.270513, 0
1.686490, -3.760400, -4.760148, 5.383682, 0
1.750780, -5.900404, 1.677900, -6.230327, 0
-0.421620, 0.285188, 2.722467, -3.188384, 0
0.397606, -1.139717, 9.916468, -5.966003, 0
2.545010, -5.038175, 3.901836, -3.321789, 0
3.610390, -3.521206, 0.630862, -4.119868, 0
-4.426465, 4.689238, -3.930684, -4.109012, 0
-15.512189, -4.431687, 1.014353, -6.894988, 0
0.299747, 3.389430, -2.043146, -4.083994, 0
5.737746, -0.892037, -2.670080, -0.419904, 0
-5.811175, -2.011765, 2.411251, -0.473881, 0
5.541785, -3.028541, -0.715725, -2.286517, 0
-1.755470, 2.845600, -2.634250, 4.539912, 0
4.690281, -6.738075, 0.667527, -2.354660, 0
-6.796524, -0.138167, 5.705873, -5.713731, 0
0.200683, 2.862441, 1.654845, -3.037522, 0
0.599565, 1.796698, -4.889371, -0.499400, 0
1.814134, -5.193160, 3.560883, -5.792536, 0
-1.118714, 0.650366, -4.379984, -6.652182, 0
-0.854241, -0.430685, -2.383167, 2.062146, 0
-4.205094, -3.616461, 0.818270, -10.024746, 0
2.570492, -8.609567, 1.823062, 0.524233, 0
-2.365585, -3.564565, 4.077309, 2.408241, 0
-1.111854, -4.542176, 0.146606, 1.906096, 0
-14.161709, 7.916705, 0.505861, 1.803053, 0
-4.322499, -2.226652, -5.036968, 3.839136, 0
0.138064, -8.384031, -3.546943, -2.483061, 0
-0.694149, 1.396648, -3.840450, 0.700187, 0
-4.229264, -1.790333, -3.014565, 1.796035, 0
2.479610, 7.301533, 0.506150, 5.381998, 0
0.097459, -2.798967, -0.588273, 2.640635, 0
4.133703, -0.417645, -8.563336, -3.598572, 0
1.499005, -4.421292, -1.879159, 1.087215, 0
-3.476188, 2.448783, -2.844055, -1.315934, 0
-1.343081, 0.979052, -3.818109, -5.252543, 0
-7.574748, 0.292274, -5.442435, -5.054549, 0
-2.315450, 4.584021, 1.321974, -7.227252, 0
-7.230185, -4.147579, -4.416228, -7.804804, 0
5.640299, -5.918607, -5.875383, -1.334782, 0
2.637140, 4.302770, -1.395955, -6.837652, 0
4.820550, 0.730042, -3.782754, -1.624092, 0
-0.934463, -0.845212, 0.378246, -0.434190, 0
-0.418957, 10.678139, -4.795283, -3.827645, 0
-3.858145, 1.367389, 5.633004, 6.355572, 0
-4.317865, 2.204216, -2.026890, -8.606341, 0
-1.009602, -1.346704, -9.580066, 0.016669, 0
-3.033780, -1.476865, -1.267479, -7.442337, 0
-0.477179, -5.165955, -3.706138, 1.217929, 0
-1.629400, -1.112111, 5.593648, -4.994774, 0
0.192291, -5.456884, 0.469160, 0.720193, 0
-5.052509, -0.350549, -3.059861, 1.056981, 0
-1.325442, 1.333359, -1.533379, -0.272784, 0
-3.139693, -1.118108, 0.516783, -4.452592, 0
-4.390604, -3.723742, -3.354252, 1.567917, 0
1.811879, -0.587852, -2.338399, -4.123075, 0
-0.023538, 1.853938, 1.539182, 0.280483, 0
-5.862492, 4.148424, -2.889371, 2.441640, 0
0.805731, 5.154234, -2.718533, 3.529338, 0
-0.664614, 3.075220, 0.155500, 2.025321, 0
1.043804, -4.798482, -0.051894, -8.903154, 0
-0.755491, -2.337960, -6.528870, -7.699383, 0
-1.778353, 7.734889, 3.004474, -3.302054, 0
-1.325875, 2.393501, -2.604201, -1.627260, 0
-3.038516, 4.372597, 0.099679, 5.581879, 0
-2.867774, -1.417824, -2.621309, -5.980155, 0
-6.509251, -5.744485, -0.189522, 0.394958, 0
-0.152108, 2.554142, -2.623853, 4.371845, 0
-3.696338, 3.609347, -0.972000, 0.227923, 0
-5.888097, 0.604403, 0.601352, 0.347749, 0
-2.574859, 2.182060, -0.072844, -3.400566, 0
-8.761761, 4.143808, -0.202778, 3.669189, 0
4.075089, -1.872215, 1.878364, 2.216249, 0
-1.240658, -0.806531, -2.842758, -6.582077, 0
-4.293570, -0.792296, 5.629892, -0.708920, 0
-6.915845, 0.560712, -1.079351, -1.520162, 0
-0.076478, -2.558379, -2.783052, -6.044348, 0
-1.091123, 4.874744, -2.276918, 3.096062, 0
-9.887653, 0.346659, 0.881549, -5.228869, 0
-6.852094, -3.050785, -3.566817, 3.313919, 0
2.631103, -2.041098, -6.983661, 1.389338, 0
-5.342393, 0.301983, -5.617925, -0.275337, 0
-4.494519, -3.159062, -9.217645, 6.045068, 0
-7.519142, -1.570629, -5.333023, -0.409507, 0
-5.339508, -0.048248, -3.518088, 10.112199, 0
-0.701799, -4.464427, -5.483672, 3.878700, 0
0.890334, -3.429332, -6.508842, 1.628624, 0
3.743537, -6.070634, 4.025423, -0.299912, 0
0.033997, -2.810250, 0.494844, -4.363813, 0
0.526518, -4.187722, -10.375020, 6.075927, 0
1.072966, 3.196442, -1.480823, -5.029054, 0
-7.058866, 1.166321, 1.271971, -4.455678, 0
2.647188, 4.631943, 0.654521, -5.874142, 0
-0.347111, 1.387772, -5.347223, -4.084226, 0
-5.966761, 3.112427, -7.363159, 1.082989, 0
1.977357, -2.862268, -6.452009, -0.773961, 0
2.809037, -1.148091, 8.125179, 2.929455, 0
-1.855666, -0.708692, -8.361371, -3.112200, 0
-1.202809, 1.985134, -5.072669, 5.854847, 0
-4.443049, 2.688546, -2.152467, -0.594253, 0
0.192543, 0.527193, 4.553260, -2.243813, 0
-7.031114, 6.361715, -5.184977, 6.728219, 0
-1.480162, 2.240270, -4.210429, -0.434188, 0
3.433780, -2.915141, -7.127672, 3.649114, 0
-3.640808, 3.267829, -3.302589, -2.147689, 0
5.560658, 2.465349, -6.629078, -3.353748, 0
2.068926, -5.492527, -6.192786, -2.682201, 0
-8.524285, -4.248254, -9.003438, -0.033676, 0
0.377151, 5.720890, -6.915999, -3.653997, 0
-1.030660, 0.851382, 3.518170, -0.206446, 0
-10.777723, -9.448252, 2.884752, 3.590139, 0
1.402772, -2.374991, -4.846948, 5.690077, 0
-2.889152, -2.282560, 7.516771, -3.979248, 0
-2.038013, 4.246325, -7.686705, -0.918003, 0
1.497472, -4.970453, -8.146548, 2.741744, 0
-6.040963, 1.030765, -6.236920, -7.789518, 0
-1.322111, -4.079078, 0.154403, -1.447326, 0
-1.208300, 4.780049, -2.607603, -5.434960, 0
-1.759455, -4.097211, -4.873152, 2.408871, 0
3.347367, -8.508390, -0.174066, -1.209564, 0
-2.836810, 10.148327, 0.920394, 0.757108, 0
2.684611, -0.089121, 1.845568, -0.989081, 0
2.028273, -8.610583, 1.072910, 6.432985, 0
0.104515, 6.687005, -3.490761, -1.448778, 0
1.397512, -5.214518, -5.616942, -1.529658, 0
-3.921237, 3.536257, -3.029065, 0.004638, 0
-0.388474, -6.771098, 4.988528, -0.412968, 0
6.334738, 0.038554, -1.341525, 3.072162, 0
-5.175842, 9.475069, 0.829005, 0.553517, 0
-4.813424, -1.332547, -2.517089, -4.846167, 0
-4.947086, -3.368452, 5.169188, -3.168788, 0
-3.780318, -0.664020, -5.086853, 3.460814, 0
-0.761166, -2.283310, -3.067606, -8.437381, 0
-0.975325, -3.813054, -1.714438, -2.668258, 0
-3.897880, -4.460174, -1.563060, 1.536552, 0
-0.571817, -3.978264, -0.044841, 1.945159, 0
-1.190978, -3.530016, -0.985932, -13.919081, 0
-3.285242, -2.095053, -0.681625, 3.178956, 0
-5.190127, 0.382891, 0.906754, 0.932183, 0
-7.933286, 2.378774, 3.811934, -7.065422, 0
2.166028, 3.112132, 0.026363, -4.904311, 0
3.697908, -3.747231, -4.134700, -8.462773, 0
0.010378, -6.120130, 2.618774, -3.984305, 0
-3.178934, -5.062187, -3.758649, -2.343286, 0
-1.077748, 4.876812, 1.558121, -4.261984, 0
8.721006, -1.200638, -4.739586, -2.827755, 0
2.123669, -8.324866, -1.207828, -2.627670, 0
-1.910990, 7.559884, -8.807488, 4.707636, 0
2.285763, -4.924274, -4.361241, 2.356021, 0
0.185817, 0.646261, -4.098263, -0.578584, 0
2.241605, -1.223427, 1.009607, -5.447840, 0
4.531692, -4.621104, 2.442454, -6.825327, 0
-1.350897, -4.488948, -6.550302, 0.741312, 0
-3.843655, 5.406248, 6.485126, -0.998728, 0
0.138972, -1.890920, -4.902905, -0.943392, 0
-0.360934, -4.829658, -6.884251, 3.491646, 0
-2.848696, 4.345529, 2.618712, -1.993299, 0
0.264196, 2.806682, -2.060224, 2.101200, 0
-4.083753, -3.648249, -0.304534, -1.243344, 0
-5.036706, 2.516431, 3.669875, 4.503540, 0
1.341109, -3.488368, -0.346654, -2.099876, 0
-4.948362, 0.762710, -3.136220, -1.537389, 0
-0.957446, 2.146923, -4.042127, -4.988316, 0
-1.262174, -6.655008, 7.522294, 2.967433, 0
-6.215191, 2.003331, 4.426635, -0.165808, 0
-1.779042, -2.132376, -7.120015, -0.239779, 0
3.587083, -0.236462, 1.164938, -3.340894, 0
-2.851359, -3.167833, -4.713906, 0.607674, 0
5.183449, -3.139869, -0.929475, 7.912892, 0
1.207999, -3.102384, -1.431506, -4.746904, 0
-1.779575, -3.625934, -9.022352, -2.377848, 0
-4.250166, -3.632940, -5.470128, -2.291088, 0
-6.275705, -6.953293, -3.467120, 5.270140, 0
3.725168, -8.090663, -8.034108, -3.062649, 0
-3.304077, 0.204661, 4.815578, -8.556348, 0
-0.730294, -0.547758, -7.260918, 4.994275, 0
-1.381018, 1.062725, 4.598956, -4.306535, 0
-5.469868, 1.953149, 2.030951, 1.852674, 0
3.745343, -3.477817, -3.107593, -0.291334, 0
6.248848, -0.274136, -5.885162, -3.171816, 0
-2.651844, -6.353258, -1.014668, 2.107478, 0
0.988412, 0.176043, 0.814192, -6.125211, 0
-6.862183, -2.339190, -2.746229, -2.883860, 0
0.192891, -0.803180, -3.176190, 4.797783, 0
-1.174117, -1.759878, 0.125459, 0.513097, 0
-1.199984, -1.420983, 3.025545, -0.574915, 0
2.794342, -6.371547, -7.831715, -4.006336, 0
-0.949513, -5.718892, -0.881700, 4.968915, 0
3.430156, -7.160885, -1.612389, -1.963918, 0
-7.999492, 0.569356, 1.305469, -6.967667, 0
1.561460, -0.296454, -0.122735, 0.485770, 0
-2.351458, 3.985515, 0.668599, -4.130659, 0
-4.386884, 6.037406, -0.048318, -0.248702, 0
-4.255444, -1.761417, 0.942287, -0.964560, 0
-4.177931, -4.049674, -6.359915, -0.219425, 0
-9.662717, 2.254784, -0.132815, -5.497499, 0
1.511436, -3.848489, 2.360180, -3.980097, 0
1.058730, 1.447535, -3.953290, -4.100569, 0
1.695648, 3.814745, 0.615081, 7.107032, 0
1.149177, -3.032386, -6.055839, -7.537955, 0
-2.402889, -2.375015, -4.192009, -7.558819, 0
-4.951802, -0.998188, -4.711067, 1.983502, 0
-3.041205, -1.746589, 2.639190, -8.620858, 0
-0.424570, -2.245059, 3.285113, -2.853544, 0
4.342874, -0.751331, -1.793130, 4.333162, 0
-7.679174, -2.695590, -2.184302, 6.486476, 0
-2.089371, -6.680999, 6.168946, -4.349252, 0
-5.402424, -0.789379, 3.115718, -4.018907, 0
-0.014047, -0.739043, -6.948146, 2.225194, 0
0.526239, -2.555316, -2.061177, 6.005504, 0
0.959665, 3.030156, -2.046901, -3.321606, 0
0.163708, 5.806517, 1.137886, 8.404647, 0
-1.793804, -2.297156, 0.420034, -0.315897, 0
-0.203743, 4.166000, -4.609738, -3.325527, 0
4.162828, 1.894320, 0.594861, -1.597933, 0
-0.197185, -8.178950, -7.291984, -0.716187, 0
-2.910569, -1.457296, -2.242247, -3.744243, 0
-0.797248, 3.514018, 4.024857, 2.429303, 0
4.107579, 4.814998, -0.146216, -3.613981, 0
-2.488442, -1.959733, -2.649949, 3.343482, 0
-0.078880, 5.475651, -4.879599, 3.990233, 0
3.524361, -1.470858, -0.522206, 0.247783, 0
-3.292899, 0.037123, -5.053530, 1.890289, 0
-3.135030, -2.279154, -1.082111, -4.200118, 0
1.994517, -5.731460, -9.614834, -4.349117, 0
-4.488673, -4.092873, -1.120140, -2.535975, 0
-1.850562, 3.298866, -5.746209, 1.236271, 0
-0.827196, 1.950860, 8.887193, -5.115633, 0
-2.518916, -0.617124, -4.318108, -4.884325, 0
-0.050495, -3.636048, 0.051997, 2.019428, 0
9.669413, 11.429483, -0.186342, 1.849671, 0
-5.121243, 5.224158, 0.152891, -6.092304, 0
5.406096, -2.603240, 0.213873, -0.014382, 0
-3.152805, -3.032074, 0.987738, -1.103399, 0
6.341119, -0.330826, 5.040692, -3.407965, 0
-9.415870, 0.663659, -6.904001, 1.063945, 0
5.494314, 1.833396, 2.408517, -0.512220, 0
-2.192056, -3.123551, -0.874168, -3.689582, 0
4.704892, -3.251448, 2.370808, 1.990496, 0
5.153009, -4.393372, -1.585410, -4.442646, 0
0.816648, -1.225949, 4.243530, 1.893325, 0
2.992936, -1.317878, -0.647493, 1.654763, 0
-2.570988, -0.446990, -7.718693, 8.649898, 0
1.645415, 5.701110, -0.668755, -2.550255, 0
-1.577371, 3.832057, -5.085664, -3.102440, 0
2.909820, -5.843479, 5.275539, -5.910806, 0
-1.626739, -0.094910, 1.222262, -2.574211, 0
-7.044334, -1.976775, 0.588543, -1.089175, 0
12.094333, -0.724557, -0.812173, -3.081379, 0
-5.142077, -1.762465, -9.794359, -2.836330, 0
-1.487153, 4.190975, -2.819600, -3.942914, 0
2.170364, -2.752910, 12.509457, 0.536897, 0
-2.452430, -0.506151, 0.521505, 5.398644, 0
1.341292, -2.261195, -0.916131, -6.439306, 0
-6.231021, -3.093829, -3.899912, -3.563318, 0
1.274812, -0.204003, -0.310881, -3.616249, 0
2.170795, 3.068906, -2.575242, 4.378849, 0
0.738132, 1.131131, -1.340186, -1.257847, 0
-2.845167, -8.172675, 3.477630, -3.497154, 0
-1.312887, -7.610932, -6.792098, 0.341301, 0
-10.134875, -8.347996, -5.091775, 1.809569, 0
1.901886, 1.007477, 4.189523, -5.342382, 0
-5.729267, -1.826829, 8.057758, 0.976492, 0
0.533366, -3.536061, -3.018964, -5.068227, 0
-0.230807, -9.703699, -1.486862, 1.358804, 0
2.085990, 1.835276, -0.126473, 3.923752, 0
-1.582155, -6.122920, -3.471504, 5.544228, 0
0.095651, -3.037486, -0.680897, 5.102960, 0
-4.495514, -2.550317, -2.733969, -1.793189, 0
-1.929570, 1.156263, -6.743542, -0.699056, 0
-10.797022, -1.869606, -0.598308, -2.276416, 0
1.546346, 0.469113, -2.777885, 4.023521, 0
-2.620297, -0.314154, -11.506372, 0.754951, 0
-3.558000, -0.845167, -7.951257, -2.056844, 0
0.331085, -3.746747, 1.322482, -2.943811, 0
-1.413952, -4.705307, 0.049421, 1.341820, 0
-1.512461, -3.044542, -0.970516, 3.020945, 0
-1.874653, -5.719688, -3.552338, 0.460465, 0
-5.886071, -2.407252, -4.562096, 1.409913, 0
0.710309, -2.618593, -4.031822, 1.767488, 0
1.295147, 6.569901, -3.684119, -2.372577, 0
-0.055971, -3.575698, 2.575703, -1.454791, 0
2.156794, -3.600732, -3.905973, -3.392789, 0
0.016220, 1.200530, -1.975064, -6.317653, 0
-4.369419, 0.759347, 1.724138, 3.638008, 0
-6.164585, -6.401504, 9.528252, 0.278017, 0
1.581574, -2.660213, -3.436711, -0.872654, 0
0.097832, 7.142289, -2.315845, -1.656764, 0
9.966403, -1.022911, -3.176283, 1.057301, 0
-1.441926, -2.711176, -2.177599, -8.040122, 0
-8.745382, -9.159801, 0.225051, -2.393180, 0
0.628919, -7.679402, -4.390442, -2.383770, 0
0.698986, -2.979798, -6.071702, 2.727420, 0
-1.258719, -5.172586, -4.370275, -4.924782, 0
1.155921, -1.884285, -0.986058, -0.601237, 0
-0.754774, -0.433368, -2.708556, -4.529047, 0
3.923376, 0.643976, -0.073896, 1.285350, 0
-3.869509, -0.338465, -1.498732, -0.643651, 0
-1.448140, -8.293349, 1.491226, -8.629175, 0
-0.060355, -6.479387, -4.541627, -3.171690, 0
0.004453, 7.534351, 0.561281, 2.297969, 0
-1.734671, -2.765652, -7.643813, -3.703973, 0
1.648393, -1.455986, 2.746954, 1.452755, 0
-2.161076, -2.005280, -1.540271, -4.638658, 0
1.918197, -5.399646, -6.755103, 2.068244, 0
-10.881224, 7.117853, -7.451138, -3.513671, 0
-3.879993, -3.537762, -2.096416, -7.102738, 0
-3.079787, -4.040155, 1.194046, -4.279454, 0
2.168074, 3.375824, 4.777993, -4.256003, 0
0.118294, 0.123562, -3.039357, 0.573522, 0
4.476853, -0.830515, -4.510411, -4.019362, 0
-3.463927, -3.727183, 2.167559, -2.196527, 0
-1.759751, -1.938013, -1.394587, 4.070082, 0
0.447795, 0.472264, -1.402795, -2.998330, 0
-6.019582, -4.266653, -2.822511, -1.842437, 0
-0.419380, -5.958555, -3.119858, -1.844708, 0
-2.028381, 3.045005, 6.247489, 0.543754, 0
-2.285812, -9.979774, -8.342498, -1.770936, 0
6.203451, 0.229665, 0.653967, 3.878551, 0
1.115387, 3.651286, 1.516435, 4.496037, 0
-4.215160, -11.052342, -3.445619, -4.767328, 0
2.130632, 4.731383, 2.192133, -3.933529, 0
7.573512, -6.160375, 0.221864, 4.334701, 0
-0.207984, -1.231863, -0.624694, -4.628503, 0
0.068264, 1.093023, -4.809657, 1.451902, 0
-1.366093, 0.954438, -2.745090, 2.369085, 0
2.988413, -7.672357, -2.197435, -3.120090, 0
9.709754, 3.655427, -2.798618, -0.252045, 0
3.755234, -7.202552, 3.596224, -10.140916, 0
-6.108533, 1.459225, 4.700212, -1.673087, 0
8.289005, -0.008878, -6.530714, -0.737249, 0
-0.300704, -1.019968, -3.315673, 3.220270, 0
-0.406302, -8.536594, 0.369599, 1.943875, 0
3.140175, 0.852454, -1.555570, -1.874959, 0
-4.459687, 0.392071, -1.919961, -5.696822, 0
-4.409551, -4.463482, 3.916342, -3.311738, 0
4.541853, 1.686749, -1.090357, -2.134952, 0
-4.355304, -4.508503, 1.566998, -1.686904, 0
-10.038516, -4.121077, 9.071518, 3.002849, 0
-0.940705, 3.577340, 1.512152, -0.652227, 0
-6.015217, -5.795116, 2.259121, -6.220156, 0
-10.502760, 0.966945, -6.015311, -5.227790, 0
-5.289760, -4.583766, 1.591952, -3.122351, 0
4.245987, 8.291579, 1.162967, 0.321123, 0
-7.528022, 0.119781, 0.349503, -1.222830, 0
-3.683726, -9.271538, 3.963900, -5.404964, 0
0.521019, -2.011021, -1.610334, -5.602615, 0
0.103093, 0.453809, 8.637402, -6.667861, 0
4.548631, -5.045514, -5.218258, -5.149555, 0
3.323655, -1.575196, -3.010376, -5.230518, 0
-10.052302, -6.711531, -1.390113, 1.491582, 0
0.738343, 1.429709, -4.253317, -1.913361, 0
0.045084, 1.325082, -9.287220, -1.505459, 0
3.437468, -1.374873, 5.594827, -3.768601, 0
-2.792745, -1.233158, -0.568789, -2.510063, 0
-2.105972, -9.590692, -0.554581, -7.425513, 0
-3.223945, 2.248297, 5.347992, -0.059507, 0
3.924683, -3.128509, -7.537475, -3.776636, 0
-0.893228, -2.390818, -0.225184, 2.226760, 0
-2.726880, -2.572838, 8.794041, 3.636335, 0
0.541131, -1.435258, 2.226331, -1.451076, 0
-0.764480, -4.206432, -2.016137, -0.660829, 0
-9.055700, 3.581498, -5.338927, 0.407582, 0
-3.099521, 3.022528, -3.188864, 3.227809, 0
6.025904, -3.824041, 4.103846, -3.885035, 0
-2.330711, 5.252492, -3.276612, 2.262959, 0
2.750048, -3.806607, -10.359213, -3.941511, 0
-4.624945, -2.346394, 2.475849, -2.584858, 0
-3.873629, -2.141928, 4.658340, -0.808796, 0
4.337067, -2.010760, -3.939959, 4.722501, 0
2.907379, 3.231789, -1.521027, -5.058517, 0
2.847707, 0.461406, 0.649934, -1.348039, 0
-1.324186, -7.627429, 1.790045, 3.461316, 0
-0.563462, -2.281475, -3.541024, 0.690228, 0
-0.956829, -5.185492, 0.583294, -0.427316, 0
-7.186931, 1.019106, 3.493878, 3.706643, 0
0.285728, 0.139501, 0.398220, 0.782357, 0
-4.996931, -3.234040, 0.823903, 6.450772, 0
1.224868, 0.796995, -0.617688, -0.843018, 0
4.523205, -4.102460, 0.837510, -0.593637, 0
4.511947, 1.693643, -4.400172, -1.560804, 0
6.869395, -0.437537, 0.813937, -0.154675, 0
2.005454, 0.105581, -5.128516, -3.955421, 0
-5.588669, 5.050917, -7.660912, 2.820193, 0
0.428335, -10.604166, -3.010454, -4.284043, 0
4.492588, 1.840857, -0.232899, 4.234213, 0
2.629079, 7.468861, -9.435392, 2.273756, 0
1.133527, 3.357143, -6.983087, -1.996623, 0
-3.596356, 3.831208, -3.157880, 0.293344, 0
-3.914616, 3.842308, -3.953527, -1.042400, 0
3.767505, -0.887808, 3.358228, 3.355957, 0
-6.600335, 2.336486, -6.968208, 4.335707, 0
-5.468189, -0.392978, -1.428885, -7.069240, 0
1.777345, -1.195537, 0.956867, 5.031791, 0
-1.921372, 3.872209, 6.549760, -5.437332, 0
-4.935677, 4.327129, -10.586850, -2.964670, 0
7.438287, 0.240812, -1.834702, -2.164332, 0
-4.342390, -5.365321, -4.942438, -0.096092, 0
5.055522, -1.621573, 0.698026, 5.233236, 0
1.614839, -4.477922, 0.110351, -9.725504, 0
-3.560467, -4.217362, 5.031604, 3.698494, 0
-1.470780, -3.321885, -4.780755, 0.469334, 0
5.042398, -2.921824, 1.943353, -6.693565, 0
6.861714, -6.629549, 3.241748, 1.397604, 0
-1.416547, -0.079505, -1.506857, -0.813770, 0
-2.718472, 5.321136, -1.527713, 1.710783, 0
0.617207, 2.417070, -2.094114, 2.452021, 0
-7.074064, -2.525414, -1.197403, 0.435848, 0
3.777579, -4.326851, -5.278479, -4.383857, 0
-5.077846, -6.097570, 1.868077, -5.196642, 0
0.871142, 4.211820, -1.372318, 2.570372, 0
7.071842, -1.569809, 3.657222, 0.473422, 0
-7.151387, 5.522101, -2.207827, 7.274010, 0
-3.389216, -0.888372, -8.097983, 2.298744, 0
-3.458312, 1.634606, 1.181386, -5.857111, 0
1.149876, 0.415990, 2.748873, -4.618005, 0
-1.769335, 3.240908, 0.196037, -0.472142, 0
3.317130, 0.061602, -0.227884, -4.474767, 0
-0.679175, 2.883618, 0.634614, -2.080313, 0
-1.183590, -0.238159, 0.132930, -1.898444, 0
-4.938457, 2.787235, 6.664023, -0.580097, 0
-3.481019, -4.838892, 2.809062, -2.657721, 0
1.888423, 3.143690, 4.069215, -8.377759, 0
-8.516223, -0.989370, 2.521416, 3.645699, 0
7.893028, 2.368790, 7.060828, -0.385701, 0
0.722989, 2.138073, -0.774264, -7.664951, 0
1.868428, 5.073332, -2.274940, -2.944455, 0
-1.187952, 4.842281, -4.632972, 0.312231, 0
-2.819959, 4.405623, -3.598391, -3.680689, 0
3.082861, -2.149619, -4.392640, 0.086581, 0
-2.192979, -0.001093, -1.214744, -2.993412, 0
-0.447503, 3.088062, -2.789234, -6.371164, 0
6.415400, -9.441772, -1.683027, 2.216478, 0
-2.449359, 3.286137, -0.402511, -1.191726, 0
0.893734, 1.176773, -6.156216, -4.710586, 0
3.096836, -2.184516, -1.081771, -2.075699, 0
3.191258, -0.386189, 2.605786, 3.484036, 0
-1.550257, 2.145692, -2.306078, -5.397692, 0
-7.861017, -2.847338, -0.909833, -2.490028, 0
-0.439874, -3.354309, -5.489184, 5.422891, 0
1.302106, 3.925910, 0.180029, -0.890363, 0
-1.008467, 8.189581, -0.360721, 3.604850, 0
-3.953766, -5.059658, 8.500341, 6.590405, 0
2.053636, -5.219085, 1.236753, -5.734909, 0
0.016935, 3.546731, 0.466283, 0.679750, 0
3.738517, -3.823271, 0.061516, -4.118084, 0
-2.029387, 4.218951, -5.058321, 3.153044, 0
-2.379597, -5.075556, 0.251191, -2.525402, 0
-2.110517, 1.148400, 1.827168, -3.283772, 0
-11.285216, -0.338011, 3.731348, -3.451410, 0
-0.396176, 5.068416, -5.077583, 3.108116, 0
3.054810, 1.324048, -4.813536, 5.810209, 0
7.719031, -2.170353, -3.603448, -4.351947, 0
0.782019, -2.285526, 1.593478, -11.040673, 0
3.310610, -4.100882, -2.893185, -5.343431, 0
-3.626506, 1.102053, -5.569567, -1.194931, 0
0.517472, -0.543607, 3.970154, 2.661140, 0
4.231982, 5.726432, 1.854168, -5.882004, 0
1.102194, -0.650774, -1.529581, 3.186388, 0
3.980465, -2.441606, -1.818838, -4.163541, 0
-6.163826, -0.341521, -1.524958, -3.456286, 0
-3.618545, -0.782143, 6.979889, 0.105866, 0
3.893414, -2.229648, -7.049112, 1.400643, 0
-3.383393, 1.984696, 5.518654, -1.490210, 0
-4.858053, 1.976877, -1.978125, -1.003731, 0
-3.247380, -6.564897, 3.726498, -3.591667, 0
3.708638, -1.793793, -1.329478, -0.674178, 0
-5.057929, -6.017720, 3.160914, 1.385334, 0
-5.259620, 5.626159, -6.180892, -2.500361, 0
-5.635238, 9.789220, -0.310615, -2.955309, 0
-3.476640, 1.159331, -5.497666, 1.646260, 0
2.228822, 0.713912, 9.740471, -0.720349, 0
1.546497, -4.942927, 0.309358, 7.581755, 0
0.369363, -5.464706, -3.088484, 0.404880, 0
0.643871, -2.702634, -3.144731, 0.495130, 0
-4.445009, 4.265698, -2.018387, -5.026783, 0
-3.840604, 4.360076, -0.715927, -9.062257, 0
0.588199, -2.030663, 1.378986, -1.060790, 0
-1.781923, -2.341036, -2.944835, -2.153794, 0
-4.049895, -2.712959, 1.406177, -1.069616, 0
-6.094217, -1.854004, 2.165676, -1.827096, 0
6.483391, 4.257365, 4.769441, -3.341787, 0
-3.316269, -1.189536, -3.528368, -4.771384, 0
-8.733787, -3.111572, 5.508793, 1.159975, 0
0.493053, -10.103620, -8.031673, -7.033739, 0
-5.087154, 2.505267, 3.901826, -5.430424, 0
-3.245976, 0.435252, -3.768533, -1.916758, 0
1.210508, -0.841427, 0.496441, 5.127039, 0
1.080902, -4.993648, -1.125020, 5.009294, 0
1.037661, -4.027014, 2.429336, 1.568842, 0
-2.318122, -2.232448, 3.449464, -3.677199, 0
3.559828, -1.342413, -2.059633, -5.065669, 0
-2.831110, -1.606177, -4.586046, 3.924189, 0
1.475164, -1.581396, -7.731854, -2.161056, 0
-2.597111, -2.616619, -4.063219, -4.228351, 0
-5.962700, 3.502879, 4.218863, -4.862032, 0
2.272974, -1.381871, -1.901486, -0.360902, 0
-4.624984, -2.787137, 0.411096, 2.932039, 0
-13.541060, 2.935662, -9.558701, 2.528838, 0
-2.130719, 1.848664, -0.315317, 4.745906, 0
-1.887340, -1.744226, -2.318876, -0.981053, 0
-3.258723, -2.234498, 1.253431, -3.575665, 0
-8.162099, -7.039383, -0.925875, -8.824511, 0
-2.809855, -0.768072, -5.068413, -5.890757, 0
0.359179, -1.872240, -4.600971, -1.686545, 0
-7.097305, 0.968574, 4.235347, -8.250997, 0
-11.259934, 2.928869, 0.324974, 0.684795, 0
0.713667, -0.532997, -7.531795, 3.198234, 0
-0.145475, -0.196914, -8.559922, -2.703084, 0
-2.017642, 3.798364, 5.552425, -0.035178, 0
0.145149, -5.173181, 3.974812, -2.766710, 0
-9.589856, -0.663187, -2.932299, 6.028195, 0
-0.105446, 5.209658, -6.046438, -1.665637, 0
0.985769, 2.358124, 2.381813, 1.488843, 0
10.347689, -0.007118, -4.451934, 0.414161, 0
0.370076, -3.828369, -3.691048, -2.355000, 0
-1.016820, 2.827657, -2.846282, 0.251799, 0
0.097559, -0.837476, 4.033364, 0.807664, 0
0.834953, -0.464442, -6.442132, 0.483735, 0
-0.995191, -1.299716, -4.915163, -2.845006, 0
2.389008, -1.632820, -0.050448, -2.897075, 0
0.224901, -5.012104, -0.830210, 0.127400, 0
-2.641442, -0.399850, 4.396857, -0.208173, 0
4.808260, -8.190629, 2.627322, -0.056425, 0
-3.900811, 1.546264, 0.298869, -5.212487, 0
2.887323, -8.613186, 2.173713, -0.035811, 0
2.476844, 3.286349, 2.612175, 2.936001, 0
-0.824156, -0.778958, -0.102224, 1.972000, 0
2.010941, -4.821276, 1.621059, -5.804998, 0
5.976646, 0.413436, -1.203460, 3.140887, 0
-0.177409, 1.174361, -0.081401, -2.795617, 0
0.508133, -4.691880, 1.597887, -3.896508, 0
6.429376, -5.741042, 0.109998, 3.716729, 0
-1.119004, -4.314557, 3.180076, 2.833272, 0
1.427571, -7.355389, 2.525907, -0.061061, 0
1.887495, -5.242942, 0.978925, -0.614828, 0
-0.501341, -2.464850, 1.181788, -5.053751, 0
-1.656563, 0.359878, 4.820289, 1.743403, 0
-7.291110, 4.707696, -4.545980, -3.693987, 0
-5.734045, -2.737149, -0.520097, -5.810858, 0
-7.713298, 1.423883, 1.047451, -7.884587, 0
-2.156835, 3.647972, -4.708454, 0.959131, 0
4.095789, 3.962430, 1.504968, 6.624365, 0
2.529816, 4.172198, 2.834870, -5.884193, 0
-3.588520, -4.666738, 4.176212, 2.868548, 0
-1.916061, -2.631568, 1.136349, -0.734530, 0
3.274726, -1.566992, 1.713098, 3.851078, 0
-5.242845, 2.126879, 0.057057, 6.374989, 0
-5.705064, -1.405491, -0.554527, -1.681535, 0
-4.599434, 10.730355, -1.759115, 0.605557, 0
5.034101, -2.813060, -2.885700, 3.344711, 0
-0.379084, -5.025740, -4.793812, -4.303609, 0
-0.438274, 6.874397, 0.579849, -0.184283, 0
2.031421, -3.473030, -2.265290, 3.781990, 0
3.950071, 8.234051, -3.287585, 3.987269, 0
2.961867, -0.617499, -2.123574, 2.292167, 0
0.713449, 3.837704, -0.727174, 2.492823, 0
5.092631, -0.949004, -5.296433, -2.065848, 0
-4.049617, 4.995748, 4.362596, -2.301704, 0
-1.519107, -0.026917, 5.530797, -1.142407, 0
1.565066, -1.865546, -5.282096, 1.717328, 0
3.294678, 2.554219, 0.378053, 5.108160, 0
-6.640886, 5.668477, 6.161007, 3.675932, 0
0.883562, 7.010292, -1.678497, -0.219953, 0
1.007516, -4.224125, -4.951550, -4.352349, 0
1.569098, -0.463078, 0.260596, -0.593675, 0
-0.171277, 5.346547, -9.365402, -5.264445, 0
1.548873, 1.669453, 7.449778, 5.111301, 0
-8.289996, 2.534213, -2.358745, -1.948485, 0
1.823541, -5.234220, 1.222325, 7.490069, 0
-2.396115, -6.320619, -0.938647, -2.336754, 0
-4.109853, -3.025611, -1.183184, -1.514762, 0
-8.018996, 2.037851, -2.899349, -2.135365, 0
1.587856, 0.661077, 3.041717, 3.784655, 0
-4.268821, 1.617908, -3.720200, 2.294478, 0
2.735660, 6.279345, -2.044398, -6.203732, 0
5.050463, 6.274047, 4.586963, -7.608055, 0
-5.227294, -2.237457, -3.087287, 7.483426, 0
-7.194413, 0.950074, -1.681645, 3.243719, 0
9.310628, -1.640570, -8.892685, 4.584744, 0
1.546763, -2.018280, -1.697708, -0.324276, 0
-4.978617, 1.684353, -2.502552, -3.211536, 0
1.177918, 3.646772, -1.360458, 1.531554, 0
-1.295134, -2.888289, -1.875970, -4.528605, 0
-0.385601, -9.650889, -1.560455, -4.234067, 0
-3.198758, -1.835885, 2.767223, 3.946417, 0
-3.016372, -3.558502, 0.078600, -6.352938, 0
3.343996, 2.970204, -11.372586, -1.879409, 0
0.717580, -1.971027, 0.189912, -6.197137, 0
-9.463988, -2.226131, -3.392692, -7.529179, 0
2.475572, 2.102548, 1.138873, -5.731865, 0
4.303837, 7.976398, -5.306416, -1.059601, 0
-6.707399, 2.153340, -1.549122, -1.536086, 0
-3.332316, -1.805705, 3.573684, 1.923777, 0
-1.074453, 2.221991, -0.749015, -1.253870, 0
-1.852188, -1.328999, -7.466727, -3.167031, 0
0.151588, -3.311897, 1.705769, -2.700171, 0
-5.074237, -3.284243, 5.140728, -0.874190, 0
-3.656975, 1.080098, 2.917051, 1.754027, 0
-9.108534, -0.126362, 2.166160, 0.322016, 0
1.704396, 4.941721, -3.145783, -5.012083, 0
0.512703, -0.382959, 3.320887, 5.218628, 0
-3.358521, -2.125950, 0.764608, 4.402082, 0
-0.335677, 4.197251, -5.817454, -4.272554, 0
-0.362881, 1.946934, -6.053243, 0.696889, 0
4.984864, 4.786675, -6.832269, 3.474580, 0
-1.707697, -2.245005, -2.459656, -1.767788, 0
-0.665113, -4.087891, 4.774139, -0.976889, 0
-6.120449, 2.500336, 0.425417, -3.290562, 0
-5.253819, 3.298171, -3.452864, -3.948782, 0
-5.528057, -2.582070, 1.527770, -4.929457, 0
-6.127462, -7.874969, -5.727354, 5.704142, 0
-4.411895, 0.423711, -6.657929, 2.633611, 0
-1.433366, -0.503764, -8.410748, -0.987598, 0
-0.574632, -3.218861, 9.369495, 0.007314, 0
-3.758332, -1.455720, 4.226888, -5.542973, 0
12.191562, -5.348003, -1.126297, 1.012463, 0
2.490846, 2.463100, -2.489474, -3.422267, 0
3.065748, -2.903342, -3.658555, -9.229995, 0
-4.706952, 3.018434, -3.513340, 2.340423, 0
-8.228752, 2.241614, -1.176482, -5.683068, 0
-0.848914, 1.957407, 9.629198, -1.732201, 0
-7.874123, 0.331981, -7.346746, 3.014163, 0
-6.118685, 0.662707, 1.162031, 3.012543, 0
0.150809, -2.286554, -4.594201, 1.247444, 0
3.394247, -1.306643, 6.005951, -2.061468, 0
-5.266381, 1.539747, -8.304110, -7.261752, 0
1.424179, -2.483730, -0.138813, 4.539385, 0
5.929976, 0.656616, 0.037960, -0.322875, 0
2.278185, -6.611541, -1.745351, -5.652631, 0
-5.588354, -1.149764, -0.240852, -7.152385, 0
-2.519004, 2.428398, 0.672365, 3.251684, 0
-5.505211, -1.280363, 2.501263, -4.424025, 0
-0.316239, 4.370168, 2.923009, -5.745280, 0
1.909563, 5.044407, -1.072467, 5.301909, 0
5.248534, -1.370214, 3.083332, 3.298611, 0
0.028084, -0.639971, -5.662855, -5.309122, 0
-3.962832, -8.335334, 0.461574, -4.608728, 0
-1.888156, -2.374325, 5.359371, -5.181070, 0
-4.327667, -8.015573, 1.342541, -3.280657, 0
-3.018696, -2.527143, -7.401545, 1.221845, 0
1.199407, -5.200916, -1.831280, -6.519600, 0
-2.734060, 1.980324, -3.041708, -6.034797, 0
0.803803, -5.087740, -2.438404, -3.892093, 0
-8.275384, -0.864066, -2.400876, -7.163046, 0
2.758784, -1.732760, -6.623130, 2.424475, 0
-1.716695, -4.522339, -3.134960, -0.502438, 0
5.221704, -6.318892, 2.052146, -0.240636, 0
-4.456121, -3.712160, -2.650730, -7.007728, 0
-0.271648, -2.771638, 2.968782, -5.038708, 0
-1.410334, 3.367971, -3.410293, -4.054087, 0
-3.182416, -1.316040, -3.039363, 3.533640, 0
-5.055635, -0.273636, 1.214329, 5.152973, 0
-7.222237, -3.602209, -1.566246, -2.408746, 0
-5.743626, -3.701122, -4.070834, 2.111819, 0
1.045914, 3.754720, 0.520545, -0.373146, 0
-1.499300, 5.487392, 1.058852, -3.024033, 0
-4.461868, -2.794676, -2.174311, -4.424724, 0
-3.136729, 0.608232, 1.734065, -2.132929, 0
1.446988, 4.006131, 0.891567, 2.170219, 0
-4.482715, 0.668391, 8.484753, -2.302845, 0
-5.744493, 5.275180, -1.427750, -6.796814, 0
-6.828465, 3.328144, -0.594347, -9.667516, 0
4.110029, 2.260789, 1.000720, -3.152299, 0
3.045848, 2.118447, -4.149312, -3.645025, 0
0.777595, -8.521697, 1.193026, -2.392449, 0
-3.742384, -0.473686, -2.317920, -5.976736, 0
-1.567682, 3.088950, 0.332259, 0.008383, 0
0.572626, -4.828430, 1.880852, -3.314970, 0
6.601910, -0.078905, 5.205505, 4.277708, 0
1.343918, 0.821723, -8.195604, -4.132230, 0
-5.436471, -8.631903, -6.900310, 0.745538, 0
2.614411, 4.304848, 0.747232, -8.814143, 0
3.676003, -9.491594, 2.416918, 2.097992, 0
1.365713, -0.293991, 2.889821, -4.625525, 0
1.938792, 0.496324, -3.652503, 1.179746, 0
3.425442, 4.468660, -0.922909, -2.762922, 0
-1.296186, 0.047683, -5.867178, -0.236108, 0
-1.436230, 3.843916, 2.075260, -0.792007, 0
-7.998994, 1.435825, 0.116046, -0.427014, 0
1.156200, -1.439741, -4.854236, -0.279607, 0
0.027546, 1.661681, 1.670733, -2.904463, 0
-2.171484, 4.273723, -6.681106, 2.906606, 0
-5.195531, 2.928710, 1.869331, 7.490196, 0
2.758633, 0.263305, 2.318804, -0.325003, 0
1.205815, -3.800951, -0.820357, 1.307650, 0
0.905347, 0.146300, 1.829770, -1.728499, 0
-4.476331, 0.734593, -6.797959, -2.322398, 0
2.023783, 0.481317, 2.652180, -3.893736, 0
6.756500, 5.063431, 5.151391, 7.040165, 0
0.057719, 0.621598, -7.009660, -1.094408, 0
0.952316, -3.955874, -3.534143, -4.873010, 0
1.388837, 1.099871, -6.119489, -0.122882, 0
3.881509, 3.761346, -3.157251, -4.975023, 0
-5.904703, 7.709591, 1.062609, 6.575828, 0
2.964641, -8.278395, 3.044842, 1.139146, 0
-0.996961, 4.581785, -4.641119, -3.680109, 0
11.367270, -5.848609, 4.097650, -3.097161, 0
-3.081095, 1.121278, -0.610586, 0.446182, 0
0.955538, -3.012882, -2.307575, -0.094915, 0
4.978932, -5.530864, -4.337706, 5.716205, 0
1.352762, 0.130926, 0.087461, 4.056700, 0
7.168266, 3.318278, -1.067884, 1.097648, 0
-6.429889, -3.171589, -1.113295, 2.818790, 0
0.281961, -0.741615, -1.077349, -0.047736, 0
7.646944, -3.408509, -1.536463, -1.072538, 0
4.212094, 5.854334, 0.020538, 5.764085, 0
4.379826, 1.048900, 5.264502, -2.927534, 0
-0.674813, 0.662112, -1.681621, -3.007666, 0
6.123393, -2.096437, -1.144351, 1.128225, 0
-7.193897, 0.314551, -6.454311, -5.691412, 0
0.990838, -5.647964, 2.956697, 1.463530, 0
-2.934722, 2.137691, -2.795746, -1.635363, 0
0.195387, 3.040412, -3.906932, 4.153657, 0
-8.480448, 2.222680, -0.077145, -0.739085, 0
-0.044860, 2.043905, -1.540339, -3.904508, 0
0.387011, -0.731408, -7.028452, 0.749492, 0
2.585565, 0.848275, 7.345509, 4.587326, 0
1.543766, 0.998445, 0.359976, 1.756837, 0
1.120649, -9.602148, -5.448512, -5.700421, 0
-4.999314, -1.050214, -0.632727, -6.654102, 0
-6.759685, -6.479923, -0.065039, 2.056421, 0
7.117234, -0.615855, -3.824912, -0.075847, 0
6.087717, -6.014522, -10.700961, 0.019838, 0
-3.429917, 1.411267, -2.779642, 1.958086, 0
-3.334226, -2.577086, -1.192655, 1.505962, 0
4.039456, -3.881352, -0.018950, 3.796809, 0
-0.635411, 1.404986, -0.438235, 3.070889, 0
-2.465962, -6.005638, -2.644871, -1.046804, 0
-9.783888, 0.695230, -2.979417, 4.069966, 0
-7.727032, -8.873956, -2.111293, -0.361193, 0
-2.182460, -1.198247, 3.252343, 0.839631, 0
6.388753, -3.470107, 4.256745, 2.303170, 0
-0.077293, -6.172306, -4.104716, 3.254535, 0
0.427969, -8.157097, -3.414330, -0.538321, 0
-5.839697, -1.765402, 0.100323, -2.073090, 0
3.860799, -2.174704, 6.551529, 2.388840, 0
-1.791575, 2.153776, -7.142424, -5.179780, 0
7.798977, -0.795816, 4.485733, 0.586577, 0
-2.250330, 5.715075, 1.499586, -2.092964, 0
2.648197, 6.530726, -0.001391, 3.112001, 0
-1.463877, -1.874429, 3.836714, -7.523604, 0
-1.070497, 2.902043, -6.243745, -4.859307, 0
-11.492956, 4.840940, 0.080173, 4.795938, 0
-5.498544, 0.545329, -3.297969, 0.811389, 0
0.019419, 0.576500, 0.796518, 7.091787, 0
-2.787650, -5.779791, -8.827538, 1.509728, 0
-0.861673, -5.326708, 3.052144, 0.003186, 0
-4.454173, 8.220394, -0.774462, 2.776032, 0
-2.541098, -1.491484, 3.315816, -0.785033, 0
2.041456, 1.376044, 3.755181, -4.009292, 0
1.914248, -4.295824, -1.009202, -3.105299, 0
-5.050384, -2.074236, -4.836728, -4.689365, 0
-8.180660, -4.255777, -6.128696, -0.280329, 0
-1.978979, 0.433164, 1.832222, 5.895589, 0
1.319944, 1.603297, -0.750108, 0.899701, 0
6.659198, 0.152789, -0.731542, 2.231241, 0
-1.480231, 0.243719, 1.625108, 3.259391, 0
-4.057875, 2.549748, -5.230338, -7.160526, 0
0.967618, 2.576320, -3.053805, -7.593259, 0
-2.552423, 4.067620, -4.105208, -0.212555, 0
5.974999, -3.068455, -9.421480, 1.039932, 0
0.576735, -0.689676, -1.992947, -4.891795, 0
-6.744065, 4.795404, 3.013575, -0.391184, 0
-0.870345, 1.194041, 4.360308, 0.141117, 0
-2.267687, 0.232384, 0.296535, -3.955824, 0
-5.927283, -7.432351, 2.020542, 2.756382, 0
2.534562, 1.033826, -7.590424, 0.198965, 0
-5.223593, 2.799326, -6.544585, -5.702623, 0
9.931541, 3.081457, 3.312678, 3.699636, 0
-1.803724, 0.468759, -3.434919, -4.902280, 0
6.323847, 4.970051, -5.857007, -8.018999, 0
-3.049825, 1.966788, 0.381422, 6.440157, 0
-1.383601, -1.496249, -0.967289, -1.673613, 0
5.373250, -2.178894, -1.274579, 1.197816, 0
6.813477, -4.591344, 8.595671, -1.725468, 0
-3.295580, -2.188208, -1.901770, 2.590798, 0
-1.157586, -0.765568, 1.911015, 0.321609, 0
-11.397081, -2.334428, 3.553405, 1.357630, 0
-2.779492, 3.718184, 3.944678, 3.412139, 0
1.895552, -1.805755, 1.315507, -3.393215, 0
5.773858, -3.702558, 7.697084, 3.102612, 0
0.039250, -6.312521, 2.726629, -5.691845, 0
1.663620, 3.826926, 0.755011, -10.261399, 0
2.612103, -4.578784, -0.125092, 0.637925, 0
-0.226537, -1.105579, -3.504115, -3.908930, 0
-6.144013, 1.400062, -1.906197, -3.632269, 0
-0.988051, -0.445894, 0.152900, -3.677414, 0
0.436562, 3.999807, -1.653334, -3.207439, 0
1.046353, -3.437642, -5.059603, -8.050672, 0
-4.600911, -3.710742, 2.588236, -2.984972, 0
3.161408, -3.946898, -9.549409, 9.873474, 0
-6.691890, 1.314605, 5.403710, -0.021216, 0
4.374814, 2.192615, -3.383757, -10.270400, 0
0.493064, 5.341647, 0.023165, 1.997741, 0
5.086962, -2.581394, -4.368117, 1.947101, 0
-9.188961, 3.183143, 2.829610, 4.697390, 0
-3.063868, 5.429029, -5.475042, -2.633410, 0
-4.773970, -4.396768, 0.594200, -0.796552, 0
0.743901, -1.903689, 0.476129, -0.442316, 0
3.737316, -3.015043, -3.875175, 1.033545, 0
-5.564481, -3.085976, -4.750892, -1.820502, 0
-9.166868, -3.277335, 3.653509, 1.971565, 0
4.189494, 0.302579, 15.928041, -6.827434, 0
7.259567, -1.358100, -0.417393, 1.049436, 0
-0.370819, -2.469664, 1.966256, -0.909117, 0
0.508638, -4.962328, -6.304955, 1.225561, 0
-2.011932, -4.632889, 1.510703, -1.443358, 0
-3.554670, 6.066216, 3.132438, -1.298825, 0
-7.156433, -1.303226, 5.400859, -3.839493, 0
2.953248, 6.162702, -1.205678, -3.280918, 0
5.872390, -2.983581, 1.169136, 0.279610, 0
0.478061, 1.345595, -2.862452, 1.022795, 0
-1.384044, -0.360974, 5.865515, -6.856206, 0
0.295420, -0.508157, -5.979947, -7.907220, 0
-3.478918, -2.530752, -5.075704, 13.132544, 0
-5.224766, 3.670400, -0.066607, -9.332119, 0
-1.488853, -10.384508, 1.614014, -0.233678, 0
-7.582250, -2.708992, 1.088896, 0.510863, 0
2.879818, -5.319146, -1.653928, -2.822474, 0
-3.599840, -1.346130, -3.319198, 1.299437, 0
3.937311, -8.156374, 5.086798, -5.035020, 0
1.457212, -0.993864, 2.517936, 2.907083, 0
2.517681, -0.442836, -5.592815, 3.958996, 0
-3.531633, 1.212555, -2.860402, -4.040637, 0
2.203606, 0.053357, -4.091112, -3.986438, 0
-0.606564, -3.051494, 3.666568, 8.922595, 0
6.245773, 0.943086, 1.169213, -4.885359, 0
3.361744, 5.002116, 2.055605, -0.967586, 0
-4.938149, 0.896514, -3.740560, 0.995205, 0
-4.692947, 6.720871, -6.493553, -2.948379, 0
-4.890481, 6.658534, -1.284097, 0.612833, 0
-3.048029, -8.476483, -2.812291, -5.953168, 0
-8.406440, 6.999321, -2.874447, 0.921217, 0
-3.238289, 6.278472, -1.583058, -5.307833, 0
-4.178079, -0.927294, -3.057712, -0.863181, 0
1.003648, -0.375913, 1.408674, 5.369902, 0
0.305937, -0.311661, -7.667867, -11.718919, 0
-6.033567, -5.318955, -4.623443, -4.600621, 0
6.919500, 0.527303, -3.433689, -5.057407, 0
-2.345330, -2.738109, -2.725175, -8.424027, 0
-3.210750, -5.794067, -0.442925, 3.387816, 0
-10.178813, -8.628382, -1.087263, -3.554243, 0
-3.519119, -5.919018, -1.171126, -3.292497, 0
