1.514733, -3.713749, -3.125556, -2.571905, 1
0.464446, -3.260993, 0.601254, 0.844904, 1
-3.431501, 0.158526, 0.045761, 0.601064, 1
-6.020403, -0.964881, 2.134313, 0.529520, 1
2.034842, 3.215829, 3.289191, -1.205144, 1
-0.773625, -0.857715, 0.158443, -2.223247, 1
1.456127, -2.486173, -0.816021, -2.982110, 1
3.269677, -1.619978, -1.472663, 3.607033, 1
-0.929930, 1.689614, -1.184312, -0.522549, 1
3.425771, -2.091771, -3.010170, 3.099659, 1
1.889305, -0.961550, -1.017260, -3.772251, 1
0.466169, -0.262211, -4.640307, 1.054418, 1
4.155798, 0.189439, -2.590651, 1.794715, 1
-0.350955, 2.541398, -1.224611, -0.794020, 1
1.430251, 0.425781, -1.488898, 0.477187, 1
-0.050305, -0.497847, -2.778118, -3.040343, 1
4.440932, -1.796049, 2.328919, -2.583951, 1
-0.803118, -0.909154, 0.068731, -2.827387, 1
-0.116679, 1.699360, -1.358139, 4.232673, 1
0.433257, -1.120552, -2.140972, -3.350258, 1
-1.071278, 2.037071, -0.306881, 0.374054, 1
1.574787, -1.346403, 1.554031, -1.502482, 1
2.339443, -1.432359, -0.586532, 0.416420, 1
-1.253278, -0.337129, 3.211068, 0.944127, 1
0.348922, 0.013699, 1.510493, 2.130475, 1
2.590827, 2.371854, 4.119489, -1.711529, 1
0.320313, -1.761777, -1.155071, 1.402763, 1
1.407376, 1.149108, 1.692748, 2.255659, 1
1.860426, -2.244815, -2.627954, 1.729030, 1
1.260611, 1.417079, -5.626881, 2.560072, 1
2.465696, -0.506153, -1.422603, -0.493966, 1
0.091049, -0.813989, 3.435965, 1.101661, 1
-2.016349, 1.803837, -3.442657, -0.797484, 1
2.138202, 1.396612, 0.038622, -1.827650, 1
2.942649, 2.593709, 2.034321, -0.187735, 1
0.259366, 0.948600, 1.357284, -2.058104, 1
-1.034068, 0.850812, -1.508460, -3.937008, 1
2.554328, 2.215195, -0.203553, -4.402890, 1
2.414248, -0.458983, -0.944863, -0.033909, 1
-1.354517, -1.902071, -0.153197, -1.222148, 1
-1.603861, 1.484863, 2.770886, -0.593990, 1
0.467520, -1.716228, -0.270979, -2.407937, 1
-1.117422, 0.086972, -2.856549, -0.401737, 1
-2.516082, 0.593320, -1.656144, -4.294835, 1
2.048593, -2.207597, -2.341345, 0.200931, 1
1.328492, -3.531205, 0.283942, -0.709059, 1
1.603919, -0.464294, 0.858416, 0.290906, 1
-2.704210, 0.045462, 2.138945, -3.221838, 1
-2.669594, -4.593623, -2.472081, -1.459457, 1
0.870958, -1.906159, 2.800548, -0.978551, 1
0.738463, 2.304251, -1.822315, 1.265082, 1
1.945969, -0.820716, -0.364014, 0.944424, 1
1.281762, -3.950925, 2.753296, 2.828164, 1
4.394550, 0.371367, -3.389580, 0.715380, 1
2.417804, 1.441688, 0.530059, -2.002462, 1
-0.922880, -1.197843, 0.117616, -0.064856, 1
-1.096878, -0.636797, 2.232579, 0.669649, 1
1.115302, -1.110864, -1.785823, 1.911069, 1
1.922345, 3.654859, -1.079677, -1.752875, 1
0.323437, -5.224326, -1.458275, -1.266213, 1
-2.271534, -1.894290, 2.601541, 2.586995, 1
0.938041, 2.396568, -1.249609, -1.720943, 1
5.918015, -1.036073, 2.746618, 3.921486, 1
-1.692785, 0.159736, 1.546375, 1.272644, 1
0.682294, 2.386280, 0.865377, -0.999376, 1
1.478169, -1.691921, 1.994166, -4.558501, 1
-1.420667, -0.692816, -1.966382, -0.278196, 1
1.787869, 1.185067, 1.667722, 0.431492, 1
-3.383325, -0.153484, -4.085710, 1.268024, 1
-2.390678, -0.238875, 0.758040, -0.964975, 1
1.433011, -0.874307, 1.488730, -2.211872, 1
2.117001, -1.861727, 0.845664, -1.556267, 1
-0.043506, 2.710695, -1.968682, -1.245700, 1
2.256447, -1.222384, -0.595270, -2.227562, 1
-1.911799, -0.059757, 0.008523, -0.879826, 1
2.271873, -0.655142, -0.434595, -1.719810, 1
-0.213231, 2.627376, 2.142403, -1.368596, 1
5.221837, 1.297666, 2.168891, 0.122897, 1
-0.918744, 0.836381, -2.570731, 3.899425, 1
1.126781, -1.440010, -2.609041, -1.543905, 1
-0.130667, 2.136768, -1.638500, -1.716402, 1
0.378506, 0.522588, 1.674912, 0.690766, 1
0.282549, -1.634732, -1.121346, 0.347666, 1
3.172362, -1.827163, 0.251810, 0.618830, 1
1.596109, 0.122492, 2.284553, -2.399630, 1
3.114372, 1.378506, 1.476432, 0.091276, 1
0.422638, 1.182223, 1.507920, 0.674490, 1
4.035291, -1.151281, -0.056151, 1.679659, 1
3.626460, 3.439065, -1.994859, 0.582893, 1
-2.669628, 1.984806, 0.326753, 4.315254, 1
2.146336, -0.609605, -1.107399, -1.526469, 1
-1.777116, 1.016390, 0.575150, -2.318322, 1
2.097285, 3.973550, -0.627259, 0.685501, 1
0.883480, -1.361918, -0.165394, 1.208947, 1
2.743403, 0.661877, 0.618448, 0.762735, 1
-0.651404, -0.898231, 1.240952, 1.405544, 1
3.333004, 2.862561, 1.238858, -4.763825, 1
0.464671, 0.932019, 1.497940, -1.654672, 1
-1.042564, 1.850499, 0.884244, 0.203468, 1
2.365648, 0.907216, 1.622658, -1.032860, 1
-0.655150, -1.460639, -0.032552, -0.991008, 1
-1.178689, -0.043527, 2.839105, 1.254179, 1
-1.443093, 1.464460, -2.336562, -2.115359, 1
2.909984, -0.015645, -4.864160, 1.798569, 1
1.022776, -2.311132, -0.523631, -2.424850, 1
1.161898, -1.300203, -0.598974, 1.550530, 1
1.730755, 4.880651, 0.515263, -2.029289, 1
0.974498, -2.241959, -2.742478, 0.181723, 1
0.587251, -1.110503, 1.716979, 1.362812, 1
0.547138, 3.035017, -1.292152, -2.870503, 1
-3.294943, -2.020602, 5.408916, 2.341453, 1
0.739005, 3.531599, 0.456152, 0.058243, 1
-1.539775, 2.433117, -0.546867, 1.144076, 1
1.741523, -2.728113, -2.023477, -2.409272, 1
2.489531, -1.227661, -1.662319, 0.667343, 1
0.142892, 3.737319, 1.252576, 1.736209, 1
3.684341, -0.032730, -0.048748, -1.835467, 1
3.385012, 1.995537, -3.524323, 0.837947, 1
-1.784435, -1.430432, -1.691489, -0.629531, 1
-3.113146, 1.664663, 1.965478, 3.361038, 1
1.865811, -2.691356, 0.150790, -0.224982, 1
-0.448038, -1.414070, -0.060574, -2.100157, 1
0.497467, 0.559728, -0.857307, -1.700714, 1
-1.974946, 1.167872, 0.205473, 0.490628, 1
4.512048, -0.216753, 0.011859, -2.376331, 1
2.433816, 0.634581, 0.451795, 4.578795, 1
-3.142419, 0.768680, -1.922146, 1.712400, 1
0.382764, 0.703043, 0.625195, -2.128762, 1
-1.708934, -0.215203, 0.242825, 3.894833, 1
-0.710266, 2.544943, -1.447743, -3.416172, 1
2.707194, -1.700726, -4.194534, 1.456989, 1
0.059753, -3.499391, -2.383169, -1.128281, 1
-1.528289, 2.800994, -0.663059, 0.524264, 1
-0.288370, 2.103638, 0.678327, 0.117100, 1
-4.859973, -0.844307, -0.688720, -1.931329, 1
2.500319, -0.213600, -1.577190, 1.436238, 1
2.154857, -0.552642, 0.259518, -0.447788, 1
-0.293493, 2.201593, -0.451129, -0.101419, 1
1.404141, 1.146246, 2.442732, 2.570374, 1
1.125473, -0.513820, -3.365003, -1.337228, 1
0.747141, -0.133776, -4.298910, -1.436928, 1
-0.087551, -2.607677, -0.951646, -0.837462, 1
4.097532, -0.541006, -1.379010, -0.160164, 1
1.844207, 1.940768, 1.215070, 0.178750, 1
-2.360218, -3.406169, 0.739363, 3.473075, 1
0.558661, 2.180649, -0.122334, -1.334608, 1
3.914688, 2.511982, -0.741423, -3.013818, 1
5.192623, 0.820433, -4.030519, -3.452652, 1
2.838190, -0.836338, -1.438286, 0.010179, 1
-0.221342, 1.738858, -3.146324, 2.500641, 1
0.771643, -0.622157, -1.066413, -0.816566, 1
-1.849431, 1.654507, -1.786882, -1.804889, 1
1.843665, -0.206552, -6.439870, -0.978489, 1
0.225417, 0.221015, 1.499257, -3.840023, 1
-0.009256, 0.282521, 1.518355, -1.814113, 1
0.487269, 0.341402, 1.371568, -0.185169, 1
3.576054, -1.415183, 2.267852, -1.957009, 1
-1.503927, 1.194413, 6.376821, 2.570129, 1
4.328128, 2.661758, 2.371879, 1.472233, 1
5.080243, 0.813763, 0.773016, -2.266464, 1
1.398403, 2.491907, -4.031294, 0.488439, 1
0.931014, -1.194475, -0.165380, -3.360097, 1
-2.651183, -2.402520, -0.902564, 1.151493, 1
-2.206349, -0.860109, -5.581457, -0.619157, 1
-1.459380, -1.820853, 1.962448, -2.358495, 1
-1.034706, -1.739683, 2.943965, -2.040872, 1
1.716524, -1.063828, -1.174893, -2.254305, 1
1.361075, -0.873807, 2.580503, 0.898230, 1
-0.868978, -0.941020, 2.447450, -0.429234, 1
3.575046, -1.298342, -0.771456, -4.066939, 1
3.341595, 0.962393, 2.777699, -3.249989, 1
-0.187548, -1.190386, 0.108617, -1.106222, 1
1.234521, 1.655620, -2.047749, -0.040483, 1
-2.007940, 1.182045, 0.235705, -3.996424, 1
1.990742, 1.070396, -0.559236, -3.675852, 1
0.015457, 0.879045, 0.507538, -1.105495, 1
-0.522995, -0.130052, -0.699924, -1.833186, 1
-1.441858, 1.076526, -1.573624, 1.605592, 1
2.440543, 0.969743, -1.259535, -1.278239, 1
3.594940, 0.309050, -0.937524, -1.289650, 1
1.709584, 0.817488, 0.067346, -2.505408, 1
2.664770, 0.931185, -1.121714, -0.037010, 1
-0.975705, -1.836305, -0.172307, 0.671467, 1
-1.541575, 1.269861, -2.604899, -0.384724, 1
0.351073, 0.047878, 0.128742, 1.718784, 1
3.686625, -0.384292, 1.437395, -2.286499, 1
0.157921, -0.064241, -2.753538, 1.320242, 1
1.300633, 0.718668, -0.954885, 1.137859, 1
2.321067, -4.091013, 1.866984, 0.873701, 1
2.868491, 1.618924, -3.791023, -0.482555, 1
0.309178, -0.310291, -1.089158, -0.934485, 1
1.088935, -3.040102, 1.476324, -1.020729, 1
0.803940, 2.908543, 0.027293, -1.060508, 1
0.680974, 2.724884, -0.542296, 0.306940, 1
-0.115128, 1.993427, 0.993714, -0.658335, 1
-0.939901, 3.815182, -0.210540, -0.298575, 1
1.704136, 0.611531, 0.002532, 2.705381, 1
2.139548, 2.601510, -0.228530, -2.777379, 1
2.805593, -2.693531, 0.810286, 1.070474, 1
3.820540, 1.298412, -3.799431, -0.889074, 1
-2.253723, 0.142419, -0.180711, -2.009526, 1
0.330999, -1.156597, 1.100564, 1.338429, 1
1.997239, 2.013844, -2.584416, -1.178838, 1
-0.673799, 4.821201, -2.163138, 0.181574, 1
3.509146, 0.415851, 0.716789, -0.672207, 1
1.758781, 1.446554, -0.438876, -2.826504, 1
1.982507, 1.360084, 1.689912, -0.847217, 1
-0.331358, -3.996182, -3.490267, 0.749276, 1
3.236834, 0.218165, 1.470680, -0.874447, 1
0.500707, 3.592453, -3.015458, -0.238194, 1
-0.748510, -0.343227, -1.702129, -2.838539, 1
-0.974519, 3.355237, -1.722081, 1.845668, 1
0.712810, -3.016787, 3.447776, -0.295593, 1
-1.623814, 2.681210, 2.226916, 1.614847, 1
-1.607139, -2.988503, 3.149166, 2.146768, 1
3.597315, 1.219696, -2.483502, 0.973464, 1
-0.620367, -2.904516, -4.047320, 2.671757, 1
1.237587, 1.235449, 0.989254, -0.329679, 1
-0.770588, -2.901561, -2.822003, -0.601259, 1
1.891716, 0.436762, -2.529897, -1.399696, 1
1.914346, 0.287434, -1.302423, -2.629514, 1
3.355749, -4.511932, 0.691061, -0.546726, 1
-0.419889, -2.674241, -1.306217, -0.827723, 1
0.785813, -0.058143, 2.600053, 6.978962, 1
-0.666989, 0.363620, -3.719995, -0.943815, 1
3.937602, -0.263918, 1.467297, -0.529489, 1
1.740370, -0.679841, 1.484772, -1.384132, 1
1.833777, 2.266654, 1.010676, 2.392498, 1
-2.602923, -1.741940, 0.592038, 0.020215, 1
1.467217, -2.182051, -1.163918, -0.672404, 1
0.547781, 2.324182, -1.025405, 0.621228, 1
0.765802, -1.677625, 2.451828, 0.432473, 1
0.275984, 1.620753, -1.470372, 3.447809, 1
2.924237, 0.076846, 0.510472, 3.135934, 1
-0.005691, -1.455763, 2.372095, -0.234890, 1
1.220062, 3.618880, 2.215808, -1.016422, 1
0.285961, -1.043162, -0.928343, 2.996108, 1
1.658028, -0.573368, 0.363964, -1.061831, 1
1.813944, 0.198659, 1.244883, -0.808220, 1
2.934694, 1.896276, 1.843134, 1.465408, 1
0.245176, -1.747095, -0.543802, 0.738732, 1
1.593184, -5.441847, 3.442888, 0.243602, 1
1.629183, -0.436628, 1.111452, 0.773126, 1
0.007138, 0.179688, 3.472439, -0.187514, 1
-1.145558, -1.593247, 1.423797, -0.954338, 1
4.978175, -0.951687, 0.601121, 2.352944, 1
2.654595, 4.077829, -1.744119, 4.099662, 1
5.257054, -0.741459, -0.962795, 2.949036, 1
0.025421, 0.078342, 0.778405, 1.220737, 1
-1.660252, 1.628659, 0.153293, 1.948457, 1
-0.311288, -1.971338, -4.028475, 0.590297, 1
-0.166051, 1.760407, -2.629502, -0.727181, 1
-2.227452, 1.688783, -1.585161, -2.754574, 1
2.632777, -0.925705, -0.064224, 0.906568, 1
-0.071840, -1.153339, -0.424589, -0.724871, 1
-1.156254, -1.757037, 1.490691, 3.333294, 1
-2.071786, 0.180416, -0.848997, 0.991045, 1
0.540262, 0.529703, -1.861414, 2.047211, 1
1.117401, 1.027729, -0.773435, 0.554853, 1
2.614211, 3.008743, -0.230144, 0.066082, 1
2.060866, 3.923559, -1.181084, -0.378711, 1
1.902456, 2.450512, 0.394804, 0.961027, 1
4.228114, 1.330032, -0.183546, -1.120352, 1
-2.595082, 4.699692, -0.526790, -2.476766, 1
-2.399331, 0.128145, -1.456495, -2.747671, 1
0.021805, 1.340663, 2.906054, -0.419916, 1
0.264922, -1.325829, -1.308456, 1.662764, 1
0.931178, -0.098820, -1.597986, 1.314398, 1
2.849879, -1.203580, 0.009174, -1.166645, 1
2.365370, -0.801531, -0.552641, -1.578226, 1
2.508730, -2.579659, -0.146263, 0.822238, 1
1.698669, -0.544702, -1.453345, -2.058389, 1
1.638877, 4.801151, -0.988951, -2.837131, 1
2.088820, 2.170164, -2.053544, -2.798780, 1
1.954069, -6.166441, 0.040134, -0.623938, 1
-0.432256, -3.236183, -2.143163, -2.094104, 1
-0.043311, -0.090449, 0.808258, -1.885067, 1
2.465279, 2.927618, -2.247289, -0.814518, 1
1.765300, -2.818498, 2.288249, -2.529709, 1
0.398743, -2.693163, 0.962124, 0.025892, 1
0.735611, 3.296390, -3.183224, 3.869850, 1
-0.384257, 0.641753, -3.057986, 3.007672, 1
-0.074014, 2.857186, 1.699923, 1.868829, 1
1.331918, -2.830049, -2.510953, 2.910974, 1
-2.893781, 3.673404, -0.790686, 0.408231, 1
-1.010924, -3.024374, 1.043995, -0.754534, 1
1.968930, 1.495408, 0.727343, -0.676503, 1
0.427350, -1.949643, -1.311981, 3.208325, 1
0.126278, 0.397702, -1.221373, 3.290070, 1
4.144131, 1.421336, 0.330634, -2.661962, 1
0.726204, -3.206244, 0.970885, 5.870649, 1
-2.425205, 0.887211, -3.283839, -1.445086, 1
1.191754, 1.919708, 1.099273, -0.633776, 1
0.982836, 3.735285, -1.340492, 5.220578, 1
-0.795373, -1.884669, -1.889534, -0.901302, 1
-1.495390, -1.889514, 1.131686, -1.034587, 1
4.698460, -1.031690, 3.380057, -1.136217, 1
1.453913, 3.705125, 2.274608, -2.128904, 1
1.103671, -0.741791, 1.158290, 1.521877, 1
5.985642, 0.819648, -0.442727, 1.542378, 1
-1.512723, 1.045561, -3.730045, 0.055752, 1
1.544641, -1.276864, 0.960810, -2.266161, 1
-1.207428, 2.400475, 1.307272, 4.752531, 1
1.781273, 1.454218, -3.855906, -4.150930, 1
-0.579242, 4.545604, -2.232473, 0.084622, 1
-0.967298, 0.958907, 1.694835, 3.734171, 1
2.097675, -2.061198, 2.137019, 1.037020, 1
-0.639230, -3.099299, -0.771450, -3.630430, 1
-1.290810, -1.209769, 3.435917, -1.088854, 1
-0.215497, -0.976117, 1.758786, -0.993118, 1
-1.178659, 0.174277, -0.790393, 2.172617, 1
-1.270647, 2.561335, -1.154990, 0.489367, 1
2.233991, 0.260945, -0.126610, -0.887832, 1
2.653515, 3.115546, -2.019755, 1.203797, 1
0.715083, -1.079027, -0.009030, 1.827208, 1
-1.073161, -1.374134, -0.151575, 1.338524, 1
5.072332, -0.577163, 0.959645, 1.103045, 1
-3.432940, -0.313030, 2.933731, 1.689362, 1
1.225885, -0.021446, -2.158635, 0.913888, 1
3.303043, -3.723227, 2.620284, -3.537599, 1
2.212860, 2.215923, 0.306325, 0.865740, 1
-2.881466, 0.087427, 1.602041, -0.651631, 1
-0.745385, 1.443225, -0.296776, 0.882844, 1
0.925779, 1.494992, -1.354282, 0.345883, 1
1.053563, 2.385652, 2.518390, 1.121097, 1
-1.085820, -0.067717, 3.189828, -0.931976, 1
0.086950, -1.516128, 0.273610, -0.951219, 1
-2.016293, -1.961139, 2.263767, 0.170616, 1
0.922500, -1.359119, 1.004936, -0.303106, 1
-2.260000, -1.684765, -1.826963, 0.968111, 1
1.851416, -2.692954, -2.017949, 0.363176, 1
-0.456936, -2.109101, 1.311777, -1.494325, 1
-0.138776, 1.422030, 2.449618, 0.156359, 1
-1.539118, -1.096408, 3.473854, 2.118262, 1
1.404069, -1.240990, -0.397979, -1.257277, 1
2.330005, -1.661762, -2.597453, 0.944604, 1
2.177883, -5.273947, 5.014163, 0.414789, 1
2.836893, 1.487905, 2.601171, -0.254831, 1
0.547596, 1.744600, -0.449714, -1.090210, 1
0.406094, 0.941347, -2.187258, 2.965926, 1
3.161924, -1.109491, -1.330918, 2.129189, 1
1.492643, 0.914905, 0.069007, 0.450289, 1
2.392261, -0.162324, -1.035645, -0.070887, 1
0.164703, -1.178677, -1.467413, -3.227626, 1
2.794341, -0.358579, -0.411461, -1.355272, 1
-3.100598, 0.253660, -1.063389, -1.482942, 1
-0.914526, 0.024548, 3.444472, 1.367197, 1
-1.671751, -0.530951, 1.092843, 1.045769, 1
1.108350, -0.180349, -2.434522, -0.498337, 1
-1.655006, 0.512101, -1.516168, -2.334002, 1
0.464089, 0.124585, 5.029403, -2.426635, 1
3.287050, 0.196855, 1.340570, -3.259202, 1
-1.306223, -1.766274, 0.901772, 2.198381, 1
-0.108934, 1.685653, 0.143090, 0.008337, 1
3.026151, 1.878582, -1.554224, 4.057232, 1
6.217476, 0.963682, -0.085466, 0.885799, 1
-0.823408, -0.382013, 1.152044, 2.500897, 1
4.361501, -1.346502, 0.109842, 3.698421, 1
3.842182, 1.364177, -0.620904, 0.234198, 1
0.623419, -0.364592, -1.867786, -3.066354, 1
1.861516, 0.704235, -0.054147, -1.264956, 1
1.863442, -2.148340, 0.315056, 1.826681, 1
1.358916, -2.179240, 1.511223, -0.150785, 1
0.890655, 0.700575, -2.036189, 1.891562, 1
-2.363616, -0.271874, -1.165353, 2.695358, 1
4.504644, -1.246617, -1.664596, 1.325253, 1
2.106423, -0.053506, -0.705395, 1.337164, 1
0.306332, -1.716871, 2.623559, 0.836415, 1
0.243679, 3.016660, -1.769688, 2.018045, 1
-2.085962, 3.270446, 0.667386, -0.389329, 1
1.496811, -1.781501, 0.969311, -1.790836, 1
1.336552, 2.126323, -3.841732, -0.450635, 1
1.664819, 0.830524, 0.834304, -1.726527, 1
0.211202, -3.659354, -2.213643, -2.308708, 1
-0.615789, 1.467973, -0.387782, 1.061822, 1
0.375162, -5.781051, -2.476992, -3.283537, 1
-0.154172, -1.039565, -0.023363, 1.135401, 1
1.418752, 1.315534, 2.287936, -1.683009, 1
3.295415, 0.689871, -0.333013, -0.592870, 1
2.669621, 1.139522, 0.383456, -2.996519, 1
0.237116, 1.258994, 3.123942, 2.310937, 1
-0.259681, 1.387275, 2.741007, 1.291599, 1
-3.852241, 0.013676, 2.857879, 0.194982, 1
-0.546092, 0.423535, -1.256392, -2.235688, 1
0.320404, 1.814474, 1.947746, -0.392652, 1
-3.740256, 1.445614, 1.587111, -0.757004, 1
4.164559, -0.699580, -3.307642, -3.592130, 1
1.139684, -0.136195, 0.004699, 1.639435, 1
2.430608, -0.955582, 2.878388, 1.325000, 1
-2.756721, -1.273942, 0.650586, -1.860589, 1
-1.797833, 3.189183, -2.406454, 0.915352, 1
-0.427358, 1.112342, 1.374394, -0.661371, 1
-0.407210, 1.302807, 0.091833, 0.330483, 1
2.337640, 2.771971, -3.875654, 0.914988, 1
1.779659, 1.160451, 0.161810, 0.157150, 1
2.196391, -2.227859, -1.839412, -1.013146, 1
2.075426, 0.311648, 1.795986, -1.822064, 1
3.420693, 1.849208, -2.188313, -0.027821, 1
1.327833, -1.895447, 0.937318, -3.709976, 1
-0.411224, 2.083605, -0.155217, -0.096430, 1
1.882517, -2.750504, 1.363484, -0.661829, 1
4.022568, 0.108088, -5.004769, -1.849315, 1
0.639649, 1.281686, -0.921918, 1.754229, 1
0.647255, -1.233838, 1.435466, -1.042033, 1
2.078094, 0.276550, 0.090398, -0.420137, 1
6.612737, 0.032672, 0.620326, 1.796539, 1
-1.333678, 4.305023, -0.188611, 1.100342, 1
0.071458, -3.108211, -1.376620, -2.412668, 1
2.597113, -0.026026, 1.429656, 1.858765, 1
-0.617420, 1.722240, -3.847816, -1.379326, 1
-1.240338, 1.023351, -0.141948, 1.955267, 1
2.909920, 1.888818, 0.564379, -0.166216, 1
-0.374958, 1.596569, 4.656195, -0.302106, 1
3.930950, 1.992636, -0.500112, 0.207780, 1
1.868693, -4.915138, 0.436162, -0.377522, 1
-0.112475, -1.896283, 4.928157, 1.558399, 1
0.718407, 3.005603, 1.142454, -2.161102, 1
1.268269, 2.916555, -0.469826, -2.175054, 1
2.663337, -3.359056, -0.423843, 2.726028, 1
0.509105, 1.548968, 1.851584, 0.335246, 1
0.708618, 1.900625, -1.541755, -3.491687, 1
3.131472, 3.119000, -0.210452, 0.344848, 1
0.182067, -0.368629, -2.602321, -0.255046, 1
-0.385867, -1.711637, -4.045808, 1.523630, 1
1.759623, 1.364507, 0.810260, -1.526942, 1
1.221693, 0.229232, 1.884330, 4.207724, 1
-0.367887, -0.045731, -0.083762, 1.830192, 1
0.341898, -0.505696, 0.812252, -1.894506, 1
4.361022, 1.153853, -1.790265, 0.437667, 1
-0.100998, -1.393085, 0.370954, -3.449551, 1
2.035614, -0.208812, -2.260024, -2.181959, 1
-0.820458, 0.736916, 0.560106, 0.992143, 1
1.042817, 2.072205, -1.422492, 1.248832, 1
-1.220447, 0.420356, 1.628108, -0.774531, 1
3.252500, 2.228504, -1.982120, 1.495551, 1
1.822435, 2.029240, -1.433100, -0.115016, 1
2.879323, 2.395347, -2.886553, 2.547345, 1
2.240390, 0.173959, 1.383377, -2.151187, 1
-3.904319, 1.923118, 2.001587, 0.109368, 1
-1.580659, -1.835058, 1.601303, -0.618094, 1
3.785688, 0.529784, -0.488278, 1.396861, 1
0.207370, 4.083242, 0.318063, -2.916262, 1
1.449200, 3.169931, 0.794844, -3.702151, 1
2.081041, 3.985601, -3.624342, -1.926051, 1
2.112570, 1.666229, -2.510300, -0.758901, 1
0.061880, 1.294325, 0.046640, -0.112916, 1
1.710477, -0.142324, -2.104021, -0.806733, 1
1.138484, 0.578081, 0.046896, 1.418607, 1
-1.383242, 3.649186, 1.916318, 1.359576, 1
1.710107, 3.558106, 3.119194, -1.335268, 1
-0.040362, -1.322470, 2.344232, 0.161807, 1
0.723488, -3.348677, -2.720287, -0.051068, 1
1.506126, 1.411334, -0.515123, 1.647160, 1
4.714362, 1.256209, -0.509021, 1.027582, 1
2.820727, 2.802858, -0.165797, 0.318052, 1
1.447473, -0.434696, -0.499219, 1.459782, 1
0.077646, 0.465425, -2.774432, -1.443387, 1
-4.145336, 0.490196, -2.780734, 2.033952, 1
3.592905, 0.180442, -1.943605, 2.063641, 1
0.369945, -0.032553, -0.282483, 0.414287, 1
-1.852989, 2.895778, -1.194420, -0.331114, 1
1.837358, -2.069263, -3.567889, -2.013706, 1
1.078209, 3.953560, -4.179241, 1.913440, 1
-1.978826, -1.103546, 1.940870, 0.947504, 1
2.274702, -1.133807, -2.510992, 3.561551, 1
1.345900, 1.480617, -3.512248, -0.092060, 1
1.256357, -2.044715, -3.724608, 0.879547, 1
1.285633, 0.673604, -1.013985, -3.208268, 1
1.097053, -3.762152, 0.585980, -1.641692, 1
1.517842, -0.313360, -0.791179, -1.820308, 1
0.156894, 0.247651, -0.671815, 0.994050, 1
-0.582897, -1.649333, -1.505552, 0.555816, 1
-2.222709, 2.476632, 1.027506, -1.709032, 1
3.810336, 0.181887, -0.299318, 2.633363, 1
1.058258, 2.937968, 0.166926, 3.536398, 1
2.768936, -2.414855, 0.903232, -1.146506, 1
-1.699541, 2.799843, -0.396562, -0.736168, 1
-0.816997, -2.952367, -1.002721, 3.850337, 1
-0.275398, -0.327893, -1.490806, 4.465677, 1
-0.857520, -1.710616, 1.399683, 1.343829, 1
0.313878, 0.208097, -0.343199, -2.387787, 1
0.210731, 2.578548, -0.192840, 2.940013, 1
1.205459, -1.582767, -1.102672, -3.517310, 1
-0.617287, -1.519728, -2.870237, -2.367567, 1
0.327084, -1.261386, -0.454595, 2.171846, 1
0.582485, -0.033423, -4.559272, -1.424259, 1
-2.349406, 2.970033, 0.051333, -2.813807, 1
2.247907, -1.825895, 1.383417, -2.288734, 1
2.930091, -1.043219, -3.583856, -0.589322, 1
2.118581, 0.358855, -1.053566, 2.920865, 1
2.549783, 4.567453, 1.928592, 2.601469, 1
2.125943, 1.703154, -3.445630, -2.530198, 1
2.124090, 0.606490, 2.119517, -0.032953, 1
-1.733877, 2.426577, -1.380087, -0.697707, 1
1.797152, 1.242122, 2.772272, -0.405330, 1
0.901234, -0.086137, 3.261227, -1.319893, 1
3.703350, 0.158833, -0.906941, 2.398895, 1
4.736022, -0.331864, 0.728235, -1.182175, 1
-1.192397, 1.119113, -2.677312, -2.746850, 1
1.484004, -0.164292, -0.055964, 1.153362, 1
1.427199, -1.755875, -3.032093, -1.206859, 1
-1.993570, 2.411085, -1.853120, -3.351974, 1
2.315737, 2.615621, 4.690129, 0.411218, 1
-1.396469, -1.829337, -0.285155, 1.357571, 1
2.565097, -2.243135, -1.111164, -1.495872, 1
-0.349620, -2.983160, -0.880859, 0.495670, 1
1.671967, 1.770618, 2.074334, -0.985144, 1
0.542674, 0.623385, 0.372881, 0.690595, 1
3.758875, -0.688220, 1.724971, 1.105491, 1
-2.849294, -4.346924, -1.801570, 1.701296, 1
1.020970, 2.891845, 1.374694, 2.839381, 1
1.005353, 0.677255, 1.770285, -0.073487, 1
1.931232, 3.967710, -0.393278, -0.194908, 1
-0.045145, 2.511345, 0.305627, 1.436269, 1
5.519129, -1.736703, -0.442279, -1.358064, 1
0.775832, -0.428324, -2.404379, 0.705688, 1
0.445812, -2.921978, -0.206753, 2.838320, 1
2.188461, 3.876336, -0.085499, -2.023213, 1
-1.794165, -0.057007, 0.191622, -1.253882, 1
-2.559315, -1.573910, -3.637737, -0.465113, 1
0.558138, 0.880988, -0.719432, -1.818091, 1
2.867021, 3.385057, 0.487022, -1.733378, 1
1.391575, -0.807688, 1.797832, 1.328680, 1
2.335797, -2.980234, 0.009181, 2.404797, 1
2.152772, 0.128925, -0.212339, 2.412273, 1
-1.908263, 1.488842, -0.872143, -1.192356, 1
-0.145385, -3.680842, -2.733716, 2.497086, 1
0.509733, -2.262575, -2.045899, 2.650071, 1
-0.498245, -0.573167, -2.010298, -0.803855, 1
1.692570, 2.585588, -1.176348, 2.736359, 1
-3.202776, -4.314296, 0.480777, -3.127026, 1
1.876797, -0.233342, -1.671803, 0.406009, 1
1.691516, 0.728900, 2.035354, 1.204401, 1
1.004142, 1.751946, 0.895101, -0.621676, 1
0.150838, -1.411798, -0.903919, 1.994316, 1
3.197340, -1.569913, -1.640332, -2.245613, 1
1.444420, -0.502524, -0.321186, -0.313103, 1
-0.940707, 2.754658, 5.476702, -3.668906, 1
-0.827793, -1.630433, -2.836898, 0.031824, 1
0.445920, -0.478277, 2.165674, -3.242683, 1
2.720123, -0.389279, 1.112694, 3.905069, 1
0.458689, -5.308966, -0.345629, -3.689649, 1
-1.801266, -2.779217, 0.960818, 1.502067, 1
1.410365, -3.192377, 0.240889, 3.107624, 1
0.560063, 1.754939, -0.626107, -1.727573, 1
-0.440289, -1.192081, -0.176161, -4.657096, 1
1.960444, 3.414023, -3.366505, -0.299171, 1
-2.254865, 0.920243, 2.169100, 1.117692, 1
3.509138, -2.481070, 2.150446, 0.521586, 1
4.200797, 0.861198, -1.143785, 0.232228, 1
3.977285, 1.409838, -2.969700, -1.037269, 1
1.397374, -3.012249, 1.407493, -0.935124, 1
2.115049, 1.927780, -0.623584, 1.616561, 1
-1.101310, -7.070982, -2.475534, -2.032004, 1
3.782478, 0.584318, 0.822524, -5.927260, 1
0.149979, 2.273018, 1.335966, -0.243901, 1
0.520886, 1.598945, -0.826283, 3.479109, 1
3.938930, -2.534382, 0.361717, 0.591022, 1
1.071828, -2.740961, 0.560837, -0.334051, 1
-0.146315, 4.841259, 0.535993, 1.380157, 1
-1.829053, -1.255788, -2.427391, 5.162592, 1
4.973216, 0.521968, 0.361983, 2.400996, 1
2.384724, 0.939651, -0.636205, 1.053761, 1
2.226263, -1.093459, 0.269371, -1.355608, 1
2.795318, -3.033424, 1.088085, -1.415925, 1
-3.531053, -6.111348, 0.098719, 1.460824, 1
3.664395, -0.435964, -0.226652, -2.157875, 1
0.898252, 1.449671, 0.395189, 0.857426, 1
2.284501, -2.771653, -1.256346, -1.817938, 1
-0.416699, 1.283850, -0.384157, 0.811090, 1
-1.525617, 0.435310, 1.713034, -1.132374, 1
-0.246417, -1.905210, -1.018128, -0.513858, 1
0.110688, -2.392547, 1.465756, -0.351736, 1
0.166806, 2.660482, -0.407791, 0.731944, 1
0.530155, -0.659813, 4.311829, -2.395209, 1
3.020711, -3.195242, -2.387176, 2.231470, 1
-1.159863, 2.331915, 1.721289, -0.719680, 1
0.966229, 1.692166, 3.745149, -1.321098, 1
3.442241, 1.547143, 1.004324, -0.491758, 1
-0.707236, -2.808701, -1.599634, 2.677122, 1
1.496805, -0.142549, -0.682182, 2.644278, 1
2.581850, -0.980884, 1.892043, 0.345984, 1
2.672999, -0.510324, 3.036046, -2.170250, 1
5.616711, -2.189684, -3.588577, 2.279991, 1
2.321410, 0.662673, -1.819764, 1.776122, 1
1.981958, -4.360869, -1.240297, 0.808740, 1
2.641529, -1.677678, 1.566854, 1.105188, 1
0.029058, 3.533405, -2.517164, 3.032350, 1
0.690457, -1.929977, 2.394382, -1.015298, 1
2.829080, 3.690625, 0.606314, 2.918442, 1
-2.746430, 1.819821, -0.808563, -0.955517, 1
1.766637, 0.069665, -0.677926, -0.090814, 1
1.334040, -2.909253, -2.505824, 1.196650, 1
-0.770680, -1.185024, 4.758628, 3.068402, 1
-0.784384, 1.350578, -0.371463, 3.012955, 1
1.688489, 1.760020, 5.170725, -1.864477, 1
1.315246, -3.469714, 2.497334, 1.031769, 1
-0.529288, -0.692621, 2.202829, 2.393851, 1
0.723906, 1.677935, 3.693360, 1.526023, 1
-2.565529, -2.731727, 2.732416, 1.731282, 1
-1.736210, 0.789410, 2.780965, 0.413769, 1
-0.103111, 3.454609, 0.209819, -0.495614, 1
-0.714121, -3.149723, 6.175837, 2.790947, 1
-1.056219, 0.140524, 1.792493, -1.505528, 1
-0.782956, 1.533550, 1.779106, 0.373835, 1
1.909124, 3.215031, -0.971901, 1.662494, 1
1.287552, -1.742759, 1.938445, 1.845757, 1
0.251634, -1.703935, -4.731924, 4.173383, 1
0.853436, -4.399620, -1.755731, 0.366578, 1
2.483928, -2.218750, 0.259209, 1.229074, 1
0.832418, -0.657666, 2.678997, -1.886629, 1
1.098038, 2.415690, 0.205109, -2.912475, 1
-2.181772, -2.955843, 2.486658, -0.896509, 1
1.068465, 1.707481, 2.339041, -0.001531, 1
2.620760, 0.609394, 1.155547, -2.473893, 1
3.174968, 0.405842, -1.595775, -2.516777, 1
-0.476981, -0.923209, -1.284026, 1.068776, 1
0.472613, -1.485078, 3.223651, -0.763346, 1
0.730699, -3.973929, 3.397366, -0.231064, 1
3.361940, 0.491679, -0.339529, -0.309009, 1
0.483882, -0.992298, -0.714164, 1.296497, 1
-0.238214, -1.958832, -0.630313, 2.625035, 1
2.255605, 0.039507, 2.880496, -2.159269, 1
0.739374, -1.505144, 1.631788, 1.735571, 1
1.834190, -0.487992, -2.505024, 1.291136, 1
0.144613, 0.706549, -1.690148, 1.234403, 1
-0.489756, -2.486576, -1.206991, -2.383023, 1
-0.388218, 2.374535, 0.687697, 1.653189, 1
0.122719, 1.192947, -2.396259, -1.107233, 1
-2.352009, 1.950324, 2.363515, -0.235453, 1
4.887644, -1.476385, 2.712426, -3.326710, 1
-0.446953, -5.443918, 0.918372, 0.674145, 1
-0.215255, 1.248973, 0.348120, 1.806347, 1
0.369495, 2.728151, -0.931112, -1.204883, 1
3.150752, 2.776756, 3.301666, -1.263146, 1
-1.589357, 1.620727, -1.788770, -0.484955, 1
0.584866, -1.063883, -0.419088, -2.361994, 1
1.632209, -0.807470, -1.078476, 2.457541, 1
0.927676, -1.581754, 1.671228, 0.347319, 1
-0.230501, -0.264015, -0.147773, -3.343059, 1
3.003855, 2.307623, -5.537117, -0.532734, 1
0.543315, -2.262247, 0.628520, -1.623719, 1
0.693961, -0.655010, -1.789589, -3.281711, 1
-1.501311, 0.244006, -0.405496, 2.565495, 1
-0.691812, 0.177117, 0.688256, -0.245015, 1
0.826998, -0.458616, 0.126203, -0.014907, 1
1.547547, 1.681177, 0.344659, 0.160927, 1
4.155722, -2.140976, 1.702224, 0.126384, 1
4.643548, 2.118143, -2.157092, 5.692581, 1
-0.951083, -1.776416, 1.911185, 1.979567, 1
0.357406, -1.732442, -2.153927, 0.718183, 1
1.560576, -1.617110, -1.983930, 1.873610, 1
-0.163349, 2.813821, 2.553499, -0.596514, 1
-1.263383, -0.864570, 2.445800, 0.690052, 1
0.523888, 2.521702, -1.925762, -0.484101, 1
3.889893, 0.323352, -0.149664, 0.758237, 1
2.587171, 1.222154, 0.739772, -3.794785, 1
2.716192, -0.171167, -2.289462, -0.672106, 1
1.195336, 1.996476, 1.185947, -1.888240, 1
0.059720, 0.596705, 2.545658, 1.332865, 1
3.838225, -2.321457, 0.248747, -0.424755, 1
3.603732, -4.685660, 1.324290, -0.604683, 1
0.027222, -0.336586, -0.776654, 0.363665, 1
-1.068075, -0.857275, 2.007222, -0.826809, 1
2.364099, -0.416641, 2.591723, 0.940197, 1
2.729941, 0.115184, 3.123598, 0.066953, 1
1.521226, 3.125664, -0.006071, -0.043177, 1
-0.584523, 2.366684, -0.764089, 0.925856, 1
3.696279, 1.697768, 3.740867, -2.632952, 1
3.685989, -0.051882, 2.429293, 3.040205, 1
-3.032423, -2.604583, 1.548025, -2.642021, 1
2.957874, -0.560842, 2.607272, 1.854179, 1
-1.125844, 1.492937, -0.162621, -1.345148, 1
2.323141, -0.692899, -2.259423, 1.806512, 1
-0.147453, 0.937377, 0.801820, 2.214209, 1
3.326226, -1.155120, -2.285486, -0.034352, 1
0.497993, -0.859687, -2.812662, -1.356468, 1
-0.151858, 0.601562, -3.721672, -1.326722, 1
1.581498, -0.600068, 0.830172, 0.521239, 1
-1.899799, 1.969856, -2.923740, 2.651386, 1
1.379430, -2.436408, 0.116304, -0.981355, 1
-1.577474, 1.477051, 0.340112, -1.805992, 1
0.670117, 2.551652, 0.466564, -2.199837, 1
5.095403, 2.513816, -0.592241, -0.889644, 1
-0.133586, -0.853897, 1.831417, 0.156436, 1
1.094637, -0.087548, -0.880679, -0.530155, 1
2.612257, 1.400715, 1.494247, 1.040985, 1
0.499678, -2.031128, 0.571252, -0.625660, 1
0.491658, 0.634812, 0.676156, -2.137723, 1
1.314215, 1.078481, 0.184649, 1.333025, 1
-2.278420, 2.170620, -1.469140, -0.799326, 1
0.214717, -1.884067, 1.964694, -0.304869, 1
0.885653, 0.130030, 0.273514, 1.790695, 1
0.499239, 1.534839, -2.169419, -1.538963, 1
2.143634, -0.614288, 0.091076, 0.327901, 1
4.308672, -2.523037, 0.281055, 3.487893, 1
-1.834207, -0.881528, -0.266150, -0.756249, 1
0.163382, 1.240267, 0.355107, -3.510789, 1
-3.003880, -5.332779, 0.852330, 2.755745, 1
1.789435, -3.752787, 1.968180, -0.583879, 1
2.025078, 2.738020, 3.087631, -1.217195, 1
1.200164, -0.087438, -1.695598, 3.363861, 1
2.727297, 1.050971, -5.003792, -3.450161, 1
0.229203, 0.719243, 0.938363, -3.997794, 1
-0.162340, 3.037910, -2.362481, 1.088024, 1
5.512473, -4.219331, -2.705921, 2.733448, 1
1.762463, -2.410295, 1.803969, 4.948191, 1
3.410385, 0.373070, 3.957471, 0.366772, 1
-1.714814, 1.520485, 0.528984, 0.075004, 1
3.733779, 3.901632, -0.651325, -2.609323, 1
2.955905, -0.497856, 0.044516, -1.747309, 1
3.267595, 0.149695, -2.804863, 0.130073, 1
0.968733, -1.373295, 1.167416, 0.433061, 1
1.004866, -1.398536, -0.729063, 0.792694, 1
0.384287, -1.182100, -0.108051, 0.174152, 1
-0.119252, -3.517632, -0.106160, -3.373952, 1
2.181496, -0.951727, -1.247734, -3.672241, 1
3.105341, 0.643612, -2.706304, -1.438561, 1
2.945327, -1.518646, 0.180305, 2.085763, 1
0.866514, -0.066479, -1.041544, 0.140672, 1
2.651219, 2.175590, 2.397758, -2.569362, 1
1.163119, -0.601915, 2.822780, 0.647894, 1
6.130538, -1.964795, 1.907191, 0.769733, 1
1.212856, 2.796709, 0.099990, 1.115347, 1
3.051465, -0.948835, -1.862981, 3.297571, 1
1.279573, -1.413550, 0.274184, 2.030135, 1
-0.273345, -1.129428, -2.265046, -0.277382, 1
2.319602, -2.258284, 2.305423, -0.752576, 1
0.299612, 0.672765, 1.828248, -0.745675, 1
1.793461, -1.637212, 0.253337, -0.660071, 1
-1.003875, 0.007690, 2.320334, -2.699732, 1
2.487066, -0.874879, 0.572004, 1.822197, 1
3.669786, 0.697961, 3.200468, 1.121000, 1
-2.483562, -1.203775, -0.028922, 2.890394, 1
-0.322931, 1.744800, -0.520252, 0.312078, 1
1.936207, 1.742917, -1.762199, 0.103480, 1
-1.584877, -3.610288, 0.739999, -1.445685, 1
4.549585, -0.088891, -3.610849, -1.611510, 1
-0.947162, 1.726623, -0.260470, 2.477182, 1
-1.210819, 2.531427, -0.257393, 1.709650, 1
-0.313786, -0.543595, 2.087091, -1.747404, 1
4.126752, 1.315854, 1.574360, 4.462623, 1
-0.728609, 2.650597, 0.969218, 0.523850, 1
0.798460, 0.495263, 2.802040, -0.284700, 1
-4.017566, -2.805812, -0.353521, -3.328640, 1
-0.015372, -0.054134, 3.271471, -0.607051, 1
3.361975, -1.108051, 0.150472, 2.167395, 1
-2.972445, -2.213886, 0.786885, 0.218118, 1
-0.511368, 2.633554, -0.822373, 2.414733, 1
-1.467677, -1.537571, -1.520713, 0.641402, 1
1.943994, -0.369042, -2.090694, 2.042250, 1
1.791426, -1.202158, 0.343655, 0.214458, 1
-1.634783, 1.208411, 1.084191, 1.262091, 1
-0.714258, 2.116419, -0.801528, -0.127096, 1
0.642650, 2.240282, 2.306015, -1.040524, 1
-0.719931, -2.377058, 0.473041, -1.831272, 1
-2.150508, 1.297469, 1.717381, 4.216017, 1
2.689218, 0.074450, -3.002028, -3.055543, 1
0.352199, -1.505222, 1.749464, 1.674232, 1
3.001562, -1.390436, 2.153299, -4.319316, 1
-0.233070, 1.993120, -4.352819, 1.170761, 1
-1.153505, -1.595319, -0.363218, 1.929803, 1
-0.840658, 2.896950, 0.334847, -0.412475, 1
2.863119, -0.099387, 0.926443, 1.494333, 1
-0.306518, -0.700267, -0.710905, 3.890695, 1
0.818615, -0.833901, -0.231029, 1.038480, 1
-0.535228, 3.464049, 1.827584, 0.385171, 1
-0.263765, 0.503254, -1.513365, 0.766638, 1
-0.588128, -0.190059, 0.216084, 1.373296, 1
-0.559666, -0.401252, -1.593087, -1.761235, 1
1.398740, 1.550423, 1.641781, 2.157999, 1
1.867094, 0.448894, -0.603685, 0.860628, 1
6.405094, 2.427574, -2.171330, -2.645189, 1
2.464214, 0.927125, -2.313263, 0.410218, 1
-1.575562, 1.111854, 1.465821, -0.630565, 1
1.587021, -0.509391, 1.280733, -2.034106, 1
1.586076, 1.377374, -2.206586, 4.125313, 1
-0.697170, 1.072730, -0.216271, 5.415795, 1
-0.308028, 2.398276, -4.103900, 2.945085, 1
-0.873543, 1.334094, 3.132592, 1.483246, 1
1.696316, -1.222909, -1.007409, -0.135825, 1
0.329546, -2.691539, -1.411148, -0.605465, 1
0.064600, -0.503719, -0.093931, 0.547970, 1
2.020371, -3.382847, -0.177266, 0.510520, 1
5.337763, -0.412838, -0.818622, -0.590648, 1
2.566383, -0.995167, 4.159335, -0.738553, 1
-3.210396, -0.837526, 2.509534, 0.387701, 1
1.548454, -2.000259, 1.357740, -3.859161, 1
1.843062, -0.428699, -1.818674, 1.855753, 1
-0.806575, -1.154196, -0.921100, -0.977050, 1
1.999539, -1.983962, 2.389354, 1.054517, 1
2.519817, 0.026879, -2.528873, 2.131629, 1
-1.161138, -0.535031, -2.354673, 0.040385, 1
0.105877, -1.971104, -0.668671, -0.484768, 1
2.782142, -2.912350, -0.236832, 2.409335, 1
2.750578, 0.954731, 0.941221, 3.550346, 1
1.565900, 1.357991, -0.073809, 2.334809, 1
1.648525, 0.623660, -0.307067, 2.010694, 1
0.572679, 1.625151, -0.422519, -5.717068, 1
1.119712, 0.998196, 0.417821, -1.116518, 1
1.208773, -0.785535, 1.705089, 1.091226, 1
-0.097399, -1.076775, -1.022254, 2.524188, 1
1.450074, -1.399878, -2.605036, 1.231428, 1
0.769492, -0.160891, -1.403074, 2.457363, 1
1.856056, -3.423010, 1.678514, -3.855775, 1
-1.401673, -1.306014, -0.215892, 2.690814, 1
-0.127892, -0.439644, -4.896535, -1.752027, 1
-0.492630, 0.700336, 0.555994, 0.811209, 1
4.655788, -0.473112, 2.030927, -0.004111, 1
2.534232, 2.138529, -2.464386, -2.426370, 1
1.744513, 1.070563, 2.661761, 1.082710, 1
1.319254, -0.890726, 1.140053, 1.848860, 1
3.140639, 1.272546, -0.843028, -4.898712, 1
2.318193, -0.664489, -0.888880, -3.200527, 1
0.656798, 0.281294, 1.591019, -0.751851, 1
0.683135, 3.239673, -3.649283, -1.722999, 1
2.371644, 1.125139, -0.532798, -0.667475, 1
1.540907, 0.801255, 3.554538, 1.247728, 1
0.296600, -0.056153, -0.642580, -0.129433, 1
4.358826, 1.725331, 0.580050, 0.893900, 1
-0.351698, 0.300375, 0.852002, 2.119065, 1
4.980507, -0.443360, 0.083111, 0.921328, 1
2.820995, -1.179805, -3.141016, 1.275710, 1
-0.052451, -2.976504, -3.832823, -0.051852, 1
1.823890, 1.026361, 0.962003, -2.873601, 1
1.661663, 3.361948, 0.588524, -0.218501, 1
0.484103, -0.110342, -0.020783, 1.757773, 1
0.131000, 1.532668, -3.473823, -3.386261, 1
2.342353, -1.383796, 1.517524, 2.831561, 1
4.026640, 3.371169, 3.204777, -3.594920, 1
1.051060, 1.636323, 0.462530, -0.092413, 1
4.630296, -1.100110, 3.655357, 0.433511, 1
3.376891, 1.500132, 0.861587, -1.441078, 1
5.682087, -0.926053, 0.210097, -0.573667, 1
3.217678, -4.514405, 1.629946, -3.270175, 1
4.348498, -0.082157, -0.198449, 2.232406, 1
3.319586, -0.809511, -1.547262, -1.093773, 1
-4.636164, -0.204319, -1.680895, -0.210795, 1
2.068212, -2.510255, -2.880887, 3.972420, 1
0.170425, -2.077926, 0.033016, -1.423954, 1
0.744733, -0.196850, -0.200207, -1.188357, 1
-0.970268, -1.240639, 1.263210, -0.884127, 1
3.053772, 0.266077, 2.627686, -2.189565, 1
-0.383556, -2.599802, 1.403541, 2.798141, 1
-0.778921, 1.673148, -0.391308, -0.965660, 1
5.082453, -2.398439, -4.072352, 2.130874, 1
0.204392, 1.103210, 2.691089, -1.261607, 1
-0.627713, 0.057851, -2.717031, -0.465123, 1
3.163962, -0.038601, -3.643877, -0.814192, 1
-0.061602, -0.622826, 0.487287, -1.332951, 1
1.720008, -0.853994, -4.971937, -0.077541, 1
1.123184, 2.006070, -0.324891, 0.694749, 1
1.775015, -0.631755, -0.257096, -0.364257, 1
1.632257, -1.081636, 2.985557, -1.241114, 1
-3.040128, -1.222030, 0.473971, 3.217736, 1
-0.755619, -0.838343, 3.050292, 4.148260, 1
0.786335, -2.728156, -1.039313, -0.206119, 1
0.769136, -0.299003, 3.009965, -1.341922, 1
0.919469, -0.522964, -0.058001, -2.547404, 1
1.090747, -0.082040, -1.317815, 0.241433, 1
1.876437, 0.927723, 2.249472, -3.740373, 1
6.075257, -2.911914, 2.117842, -2.926716, 1
-1.458900, 2.252806, -0.766245, -1.700684, 1
2.148705, -1.290510, 1.664096, 2.330806, 1
4.755453, 2.067585, 2.920440, 0.101029, 1
0.455246, 0.271892, -0.810201, -2.964141, 1
0.128111, 0.562360, 0.629823, 1.350920, 1
-1.960756, 2.140338, 0.961738, -0.734133, 1
-2.576345, 0.047671, -1.433870, 0.741325, 1
-0.444097, -1.463459, 2.243854, -1.265423, 1
1.896164, 1.072470, 0.276271, 0.054016, 1
-0.145757, -3.146049, 2.013611, -1.799706, 1
0.058203, -2.986754, -0.060440, 2.299236, 1
2.190791, 2.057505, -0.358982, -1.146860, 1
1.509761, -2.383904, -2.201831, -0.654621, 1
3.838108, -3.125159, -1.948769, 1.863472, 1
-0.079114, 1.934954, 2.075309, -0.072084, 1
0.893601, -1.205346, -0.142308, 2.442339, 1
3.232689, -3.241845, -2.847005, -0.218175, 1
0.090313, -0.455685, -1.935775, -2.681939, 1
-0.418910, -1.700612, 3.421913, -2.813199, 1
1.089768, 1.621797, -1.383929, 0.872053, 1
-0.432636, -0.935247, 1.667654, -2.191542, 1
1.093919, 1.420309, -0.950223, 0.473346, 1
-0.741857, -2.002333, -1.215025, 0.530766, 1
4.678652, 2.133058, 1.461028, 1.837755, 1
-2.080377, 0.990917, -0.421015, -2.734085, 1
3.195235, -0.976202, -1.553706, 0.127294, 1
1.277297, -0.931666, 4.291560, -0.912217, 1
0.974816, -0.610987, 2.663458, 2.118727, 1
-3.241035, -1.679591, 1.001733, 1.308404, 1
1.185685, 4.763917, -0.802644, -1.747874, 1
1.834262, -0.227334, 2.093518, -2.924713, 1
-0.253183, 0.732550, 2.855736, -2.666443, 1
0.697099, 2.358410, -2.846950, -0.776579, 1
2.247646, -2.197210, -0.519184, 3.616938, 1
3.374761, 1.896829, -1.739466, -1.587430, 1
-0.996335, 1.360254, -1.899701, 1.288951, 1
0.533763, 1.937064, -1.502446, -4.040472, 1
0.841743, 2.823865, -3.190821, -2.166136, 1
0.586953, -0.315592, -2.578262, -0.371657, 1
-0.135877, 1.115164, 0.085136, 0.418316, 1
-1.253831, -1.817716, -0.059196, 1.433895, 1
0.845805, -3.287145, -1.710866, 2.243845, 1
-0.371662, 2.353559, 0.758747, 1.256831, 1
3.398365, -1.574654, -0.228679, -0.324212, 1
5.597872, 1.057948, 1.660883, -0.670129, 1
1.388699, -2.853476, 2.701001, -3.754040, 1
3.320792, -1.102247, -1.694854, -1.678571, 1
0.430838, -2.119703, 1.054551, 1.905343, 1
-2.004760, -3.611212, -1.152309, -0.631652, 1
2.720140, 4.752372, -0.883989, 0.729588, 1
1.851792, -2.188640, -0.107612, -2.719252, 1
1.482190, -2.835209, 0.979625, 2.531026, 1
0.110714, -1.215175, -2.669670, -1.258606, 1
-0.560008, 2.674893, -2.986946, 1.483214, 1
0.257272, 0.019785, 1.559229, -2.384053, 1
0.850686, -1.661870, 3.739987, -2.807011, 1
2.431717, -1.980260, 2.068604, -2.875484, 1
-0.249948, -2.256552, 3.682417, 3.234884, 1
2.521865, 1.645504, 0.647431, -1.095553, 1
-1.972814, 0.104500, -1.239399, 0.512832, 1
-1.569636, 0.951225, -3.093568, 0.052476, 1
0.899369, 0.248140, -0.982771, 0.123681, 1
1.730015, 0.129125, -3.427796, -0.871204, 1
-1.199694, 2.321380, 2.856887, -2.099637, 1
-1.653991, 0.332722, 1.329008, -2.873153, 1
1.289121, -2.141993, 0.761628, 4.996120, 1
0.003422, -2.874738, 1.179613, 0.922368, 1
2.917064, -1.796954, -1.540094, -1.551139, 1
2.193227, -1.677500, 1.614699, -1.624336, 1
-0.340075, 1.918657, -1.229486, -1.244941, 1
1.838777, 1.859230, 3.582198, 0.830405, 1
1.877151, 2.827180, -1.272031, -3.404393, 1
1.564412, 1.968298, 0.598470, -2.297420, 1
1.907854, -1.715235, 1.465567, -3.972571, 1
1.500062, 1.072763, -0.738968, -0.427056, 1
-2.437511, 1.427425, 1.570324, 1.609836, 1
1.478064, 0.712566, 0.345463, 1.722025, 1
-1.200895, 0.945163, -3.809333, 2.846565, 1
-5.429827, -2.170688, 1.257483, 2.474496, 1
1.123273, 2.171419, 0.142488, -1.736179, 1
2.854872, 0.922789, 2.980137, -0.234225, 1
-0.925161, -1.663291, 3.889465, 0.790296, 1
0.571423, 0.915180, -1.395947, -2.179772, 1
2.351868, 0.501837, 2.762981, -1.254536, 1
2.702044, 2.433139, 4.426304, 0.153147, 1
1.385630, -3.741838, 2.526232, 0.504841, 1
-1.369869, -2.394906, 3.879881, -1.021948, 1
0.547069, -0.390374, 1.849467, 0.300239, 1
1.117175, 0.815487, -3.482442, -0.339154, 1
-1.157011, 2.315917, -1.119545, -0.081492, 1
-4.408996, 2.295193, 0.762346, -0.497469, 1
-0.795600, 2.284584, 3.441215, 0.988529, 1
-0.444547, 4.315934, -2.869778, -1.115729, 1
3.731808, 0.745361, -0.142776, -0.697011, 1
-1.463243, 1.530129, 3.163898, -3.687811, 1
0.442726, -1.829082, 2.469037, 0.136630, 1
0.539511, 3.519907, 0.919377, -2.635253, 1
0.340725, -3.107250, -2.618919, 5.245512, 1
1.962027, -3.438200, 0.524553, 1.816385, 1
-0.203941, -1.862878, -2.062470, -1.480379, 1
2.976094, -2.791134, -0.806293, -0.624144, 1
2.032706, 3.765366, 1.562162, -1.575840, 1
2.826682, 2.023175, -1.340466, -1.100673, 1
1.100284, 2.696370, 0.352015, -0.028061, 1
0.000432, -1.946343, 0.579803, -2.643549, 1
1.403302, -1.050453, -3.390016, -6.110011, 1
5.600730, 1.803340, 1.465888, 0.683644, 1
2.955648, -2.099108, 2.340030, 3.612968, 1
0.698642, -0.660768, 1.345560, 1.714851, 1
-0.738931, 0.056650, -0.157359, -1.378543, 1
0.681930, -0.461075, -1.930545, -0.268690, 1
4.532589, -1.207518, -1.351669, -0.925910, 1
2.069908, 0.614464, 3.520538, 3.096867, 1
2.255735, 1.745669, 0.927036, -1.060267, 1
-2.230243, -0.029748, -3.470239, 3.660626, 1
-2.646752, -2.041658, -1.039090, -0.633525, 1
1.470873, -0.586121, 0.074577, 0.088407, 1
-0.050592, 0.076281, -2.535477, -0.914548, 1
-0.745021, -1.790281, -4.047314, -0.666373, 1
-1.209774, -1.368858, 0.680203, 0.824058, 1
2.661769, -2.888780, -1.327503, -0.582449, 1
-1.773269, 2.219785, 1.913678, -3.581306, 1
2.620496, -1.809988, -1.655213, 1.104488, 1
-0.196526, 1.087422, -1.713818, 2.752666, 1
0.332405, -0.468101, 1.576662, 0.619339, 1
1.913057, -0.089485, -1.437939, -0.073030, 1
0.374209, -0.034825, -2.872936, 0.021828, 1
2.083143, -4.829925, -2.767369, -0.731723, 1
3.193021, -0.977395, 1.869245, 1.131130, 1
0.714204, -1.182791, 0.754324, -1.532259, 1
5.642670, 0.450752, -2.202223, -0.526317, 1
2.987436, 0.123919, -2.794622, 2.499997, 1
2.819303, 2.495774, -1.268464, -1.971045, 1
-0.592005, -2.902880, -1.481296, 0.057535, 1
-2.648989, 0.616566, 1.092329, -0.023673, 1
1.752139, 0.109425, 0.429068, 1.626124, 1
2.224280, 1.064272, -0.318633, -2.381560, 1
0.595085, -2.042783, 1.957330, 1.608909, 1
-1.830877, -1.265951, -1.347146, -2.987414, 0
1.064588, 0.024698, -1.821361, 3.697219, 0
-4.960144, 2.280156, 1.174872, 1.488121, 0
2.486371, 0.159965, -3.334209, -1.492044, 0
-2.222953, 0.884646, -3.137640, -2.017019, 0
2.276502, -0.991997, -0.023310, 3.333224, 0
-1.899588, -0.246241, 0.482826, -2.880504, 0
2.852954, -2.800575, 3.192433, 0.353479, 0
-4.503738, 2.081787, 1.797343, -1.712372, 0
-1.057471, 0.547694, -0.972440, -1.041931, 0
0.574487, 1.020101, -2.829277, 1.937720, 0
-2.707209, -2.845037, 1.303201, 1.830780, 0
-0.623210, 0.543156, 1.814005, -0.684115, 0
-1.946151, -1.319175, 0.195407, 0.059103, 0
-0.946463, 0.563632, 1.753553, 0.164461, 0
-5.291689, 2.319857, -2.289201, 3.342170, 0
-0.695557, -2.967434, 2.378031, 0.368047, 0
-5.453656, -2.428492, -0.725359, 1.827503, 0
-2.389122, 0.838406, -3.608730, 1.667948, 0
-1.842027, 1.983654, 0.750087, -0.584097, 0
-3.406267, -0.867926, 0.221000, -1.297464, 0
-3.647556, 2.489793, -0.154572, 0.520322, 0
-1.682372, 1.361591, -0.839200, -1.575091, 0
-2.664165, 0.716752, -2.511429, 3.309830, 0
-2.367664, 1.496448, 1.110598, -1.502482, 0
-0.595639, -2.836433, -1.285848, 2.323610, 0
-1.016130, -0.473557, 0.192848, 0.179764, 0
-4.578311, -1.500546, 1.393149, -1.928331, 0
-3.434225, 2.231757, -0.275125, -1.236542, 0
-0.448636, -1.784514, 3.392368, -1.164531, 0
-4.172844, -2.021036, -1.490152, -2.156230, 0
-0.280894, 0.820119, -0.779323, 0.793233, 0
0.000122, 0.880463, -1.864725, 3.050665, 0
0.563929, -0.726007, 0.524793, 0.507952, 0
-2.027526, -1.261239, 1.394347, 2.469570, 0
0.161921, -0.996357, -0.889322, -0.344248, 0
-2.994380, -2.377727, 1.144863, -2.953717, 0
-1.147215, 1.364922, -1.828194, -3.633216, 0
-2.715571, -0.375268, -1.264410, 2.526020, 0
-2.951512, 0.331812, 1.781749, 0.265432, 0
-4.447304, 2.407423, 3.401126, -1.343789, 0
-3.445827, 0.105501, -0.124077, -1.015585, 0
-0.173666, 0.749207, 4.216234, 5.291800, 0
-5.318309, -2.081140, -0.508564, 0.676196, 0
-0.218157, 1.092056, -1.498916, -0.989523, 0
0.316363, 1.245903, 2.482386, -4.318117, 0
-1.158054, -0.050137, -2.116254, -1.746921, 0
-2.581790, -2.159012, -3.753093, 3.334317, 0
-1.379164, -0.948906, -0.459705, 0.376847, 0
-4.139993, -2.970222, -1.391064, -0.732354, 0
-0.285737, 0.251196, -0.231663, -0.659455, 0
1.232695, -2.016673, 0.721462, 3.073474, 0
0.803651, 1.273177, 0.611059, 1.159692, 0
0.753465, -0.136808, 1.214306, -1.730173, 0
-1.980544, -1.002256, -2.521780, -1.010830, 0
-4.667300, -3.997591, -2.822266, -2.062185, 0
-1.883743, -1.384847, 2.833414, -2.157241, 0
-1.180023, 1.153019, 2.701403, 0.346176, 0
0.825682, 0.284694, 1.036677, -0.174700, 0
1.236034, -0.916176, -0.844371, -1.913823, 0
-0.401126, -1.421232, 2.282128, -0.180498, 0
-0.672440, -1.082713, 5.549743, -1.379731, 0
-1.112398, -0.880477, -2.098107, 1.795684, 0
-4.586046, 1.932542, 2.771809, 0.483863, 0
2.718948, 0.164191, 1.901668, -1.509702, 0
-2.271192, 2.610498, -2.060839, -0.147778, 0
-3.373382, -1.232312, 1.147362, -1.160498, 0
-0.846663, 4.121755, -2.876940, 2.256487, 0
1.497879, 0.264407, 0.741232, -1.161464, 0
-1.364161, 0.799116, -1.834896, 1.472106, 0
0.210379, 3.408547, -2.458749, 1.814383, 0
-2.679366, 2.449126, 1.624616, 2.234678, 0
1.275152, 0.246285, -0.524269, -0.758933, 0
-0.695160, 2.527091, -3.902914, 0.990215, 0
-3.493928, -2.006957, 1.834434, -1.125637, 0
-0.754202, -1.093999, -0.560870, -1.777998, 0
-5.178494, -1.082998, 0.580166, -0.263713, 0
0.646050, -1.673061, -0.207268, 4.190700, 0
-1.099503, 0.221210, 4.936599, -1.054425, 0
0.544952, 0.911616, 2.273450, -2.837906, 0
-1.670217, -1.265361, 4.426755, -2.351990, 0
-3.388383, -1.093183, 0.428247, 2.565530, 0
-0.094377, 4.995180, -2.111739, -1.697802, 0
1.240098, -1.835796, -1.564742, 1.256597, 0
2.973303, 3.679218, -0.968314, 0.315303, 0
-2.839485, 1.390909, -0.704070, -0.617877, 0
-2.258046, 1.513051, -0.671232, -0.562673, 0
-2.631759, 1.355460, -0.874110, 2.968264, 0
-1.973003, 0.682280, 1.537967, -1.645769, 0
-1.612313, 0.568749, -0.164494, -2.739062, 0
0.973209, 1.865160, 0.694720, 3.787354, 0
0.722392, -3.176085, 1.621994, 4.816790, 0
-1.600455, 1.119966, -2.502484, -2.464015, 0
-0.874434, 0.356964, -2.177283, 2.674898, 0
-0.261282, 0.415914, -0.627160, 0.186319, 0
0.459110, 1.085442, 1.766502, 0.840905, 0
-1.175409, 0.367372, 0.008084, -0.835551, 0
-3.965884, -0.984921, 1.211444, -0.519670, 0
-3.985732, 1.886264, -2.137685, 1.394159, 0
1.626173, -3.855991, -0.833626, 0.410069, 0
-0.786259, 0.276889, -2.096342, 3.249538, 0
-0.334757, 0.283984, 0.230317, -1.254194, 0
-0.688087, 2.093349, -0.081182, 0.022517, 0
-1.773960, 6.807084, 0.902833, 1.386828, 0
-4.110555, -0.654706, 0.951289, 0.706249, 0
-0.530739, 0.999319, -0.143077, -1.369482, 0
-6.778243, -1.218061, 3.789327, 0.442490, 0
-1.064408, 1.686503, 2.751620, 0.249369, 0
-1.348121, 3.244600, -0.096875, -1.227539, 0
-2.115535, -1.618937, 1.794782, -0.260526, 0
1.135483, 2.605310, 0.175719, 0.550907, 0
-1.150289, -1.737648, 0.303780, 0.964601, 0
-0.072936, -0.202114, -0.980447, 2.159117, 0
1.689644, -3.877298, -1.155472, -0.823364, 0
-1.759000, -2.793028, 5.809620, 1.030308, 0
-1.500346, -0.281912, 1.727218, -1.586049, 0
0.671567, -0.641988, 3.706906, -2.059047, 0
-2.785501, 4.105232, -0.914042, 3.107186, 0
-2.662967, -0.635244, -0.295213, -0.220057, 0
3.521430, 0.015706, 1.707045, -2.283679, 0
-1.853788, 3.736945, -0.262047, 0.734960, 0
-1.154257, -2.140083, 0.272168, 1.241077, 0
-0.730294, 1.908340, -2.766388, 2.780363, 0
0.581505, -0.980047, -1.284298, 2.056872, 0
-3.203008, 1.218748, -0.667543, 4.023397, 0
0.002684, 0.772693, -0.616327, 0.088619, 0
-1.688035, 1.365063, 0.333304, -3.261290, 0
-2.998511, 1.895360, -2.357860, 0.094253, 0
-2.813221, 2.706592, -0.065728, 0.165671, 0
-1.017560, 1.889701, -0.635311, 1.936932, 0
0.814971, 1.266907, 2.064808, 0.308721, 0
-1.167436, -0.636778, 4.185630, 2.537227, 0
-1.152430, 1.462243, 1.456372, -1.115444, 0
-0.956175, 0.137156, -2.337323, 2.601423, 0
0.856970, 0.496805, -3.444653, 1.383214, 0
3.309511, 1.191032, -1.161043, -2.181045, 0
-1.713031, 3.832131, 1.414117, -3.579995, 0
1.969628, 1.978110, 0.695316, 2.418541, 0
-0.910020, -2.588705, 2.509437, -1.769101, 0
-3.343384, 1.182575, -4.705797, 4.412933, 0
-2.528073, 3.431322, -0.583463, 0.691686, 0
2.641043, -1.837606, -1.205936, 2.499139, 0
-1.580221, -1.133380, 2.007720, 0.202174, 0
0.341768, -1.021133, 2.380262, 1.549740, 0
5.061038, -0.943233, 1.394503, -1.539638, 0
-0.563732, -0.187981, 1.728937, -2.523791, 0
-2.178389, 2.430914, -2.924902, 2.031999, 0
2.002674, 3.771548, 1.127250, 0.701380, 0
-0.981170, 3.751405, -0.427805, 5.916377, 0
-0.791645, -0.500534, 3.613357, 1.004434, 0
-2.775425, 0.376257, -1.133297, -0.423562, 0
-4.268309, -1.611269, -1.125547, 0.094481, 0
-3.441396, -0.136222, -4.995223, 2.663663, 0
1.229734, -0.216703, -0.312914, 0.192534, 0
0.766912, 1.529667, 1.675325, -3.280182, 0
-2.887490, 3.231108, -0.603161, -0.894893, 0
-0.711051, -1.289749, 1.751295, 0.180042, 0
-0.035845, -1.467380, -2.750964, -0.245231, 0
-4.422385, -0.422917, 3.807122, 5.241053, 0
1.549171, -3.168693, 1.023580, -3.307613, 0
1.478130, 0.226716, -1.246083, -2.028101, 0
-2.907824, -0.978817, 2.560447, -0.305744, 0
-5.001145, -0.323152, -2.439355, 0.250627, 0
-2.087740, -1.492674, 0.446894, -2.818097, 0
-3.760172, -0.756764, 0.909589, -0.777065, 0
1.623179, -0.104553, -1.697812, -0.143184, 0
2.197250, 3.918782, 1.543361, -2.277661, 0
0.124228, -5.108444, -1.600187, 0.571366, 0
-0.112555, -3.419020, -0.705681, 0.684087, 0
-2.713018, 1.319815, -1.337894, -2.678831, 0
-0.189503, 0.754299, -4.916947, 0.378611, 0
-0.903856, 2.705091, 0.794878, 2.340018, 0
-1.889514, -3.058678, -1.163194, 2.818321, 0
-0.256016, 1.311600, -0.071097, -0.278000, 0
-2.861493, 1.624043, 2.913134, -3.866457, 0
-0.876921, 0.325325, 0.802895, -1.504765, 0
-1.221792, -1.008191, -0.615146, 6.603378, 0
-0.398471, -3.417789, 0.468052, 0.373983, 0
-0.922835, -0.641717, 0.319206, 1.398767, 0
-3.959647, -0.579032, 3.196754, -0.297568, 0
-1.619984, -0.478804, 1.189050, -2.963299, 0
-3.768313, -1.637241, -2.179022, 2.464790, 0
-5.795975, -0.098367, 3.356263, 2.820312, 0
-0.772845, -2.018604, -0.510809, -0.904153, 0
-1.589967, 0.737229, -3.006209, 1.330478, 0
-1.244152, -2.407812, 0.006214, 1.971435, 0
-1.149515, -0.087743, 1.024891, -1.930892, 0
-0.587641, 0.167018, 2.273634, 1.734208, 0
-3.741433, -2.055626, -1.345188, 1.628149, 0
1.411495, 3.071743, -2.028252, -0.925296, 0
-4.031418, 1.242837, -3.533026, 1.571365, 0
3.551923, -1.196090, -0.571798, 0.091299, 0
0.732352, -1.208795, -4.252018, -2.879106, 0
-1.518923, 1.769604, -4.006853, 1.391424, 0
-1.543865, 2.785126, 1.799573, -0.909370, 0
-1.361783, -1.270571, 1.117084, -1.145031, 0
1.899697, 0.472669, -2.438984, 2.233045, 0
-2.747503, -0.380625, -0.945394, 4.181505, 0
-1.030847, -2.133882, -0.564204, 1.017330, 0
3.034443, -1.581866, -1.096120, -0.535302, 0
-0.769413, -1.329162, 0.487479, 1.786098, 0
-2.817028, -0.253003, 0.584105, -3.124037, 0
-1.136634, -2.518715, -2.488488, 1.690981, 0
-2.023607, 0.375600, -0.693398, -0.149241, 0
0.071154, 1.435903, -2.607241, 3.419646, 0
-2.128976, 0.658135, -1.192238, 0.669793, 0
1.173258, -2.767036, 0.100900, -0.284715, 0
-3.348220, -2.033087, -1.564608, 0.703555, 0
1.650175, 0.127859, -1.307644, 0.066662, 0
2.207568, 2.885177, 0.973362, 0.426105, 0
0.152608, 0.516914, 1.095061, -0.479842, 0
-4.095616, -3.830897, 1.053282, 0.274858, 0
-2.877720, 1.036076, 4.913016, -0.210474, 0
-1.268600, -0.156570, -3.375063, 2.103400, 0
-2.133815, 0.446570, 2.145168, 2.753239, 0
-1.597845, 3.255604, -0.758126, 1.031037, 0
0.371167, -0.080784, 1.486698, -1.007227, 0
-1.389200, -0.078048, 3.247464, 1.996929, 0
-0.183986, 0.405171, 0.664430, -2.158867, 0
1.172079, -0.273464, 5.532319, 0.303554, 0
-2.131568, -1.379366, 0.402831, 3.372406, 0
-4.288257, -2.831604, 0.624093, -0.580015, 0
-4.614944, -0.874844, -2.638411, 0.640475, 0
-2.672391, -1.982685, 1.720133, 0.761503, 0
0.651024, -0.333516, -1.545415, 1.675467, 0
-2.687764, 0.209444, -0.200721, 1.980664, 0
1.538414, -0.225079, -0.402938, -1.424887, 0
0.570983, 0.110223, 2.318903, 0.644684, 0
1.278128, -0.169608, 0.983662, -0.435759, 0
-0.495184, -3.096393, 0.058639, -0.381040, 0
-1.261224, 0.867993, -1.800504, -2.371567, 0
0.744925, -1.625645, -0.209254, -2.368039, 0
-2.215670, 0.588643, -4.290310, 1.608190, 0
-3.512718, -2.254745, 0.144636, 4.232181, 0
-2.851052, 1.445948, 0.994018, -1.936008, 0
-0.624277, -0.474015, 0.771087, 2.320438, 0
-2.692787, -0.503232, -3.142759, 0.545665, 0
-2.969710, -0.959941, -1.673171, -0.066468, 0
0.522615, 0.204154, 0.390805, 0.266811, 0
-1.780551, 0.456768, -0.343725, -2.530419, 0
0.123080, 1.551448, 0.458212, 1.918099, 0
-0.594719, -0.988059, 2.345832, 0.625425, 0
-1.661234, -1.143762, 2.155575, 2.948783, 0
0.888519, 0.808489, 1.019841, 0.872066, 0
-3.182876, 1.851623, -1.661794, -0.717658, 0
0.059713, -1.783954, -2.740207, -4.341142, 0
-2.117393, 2.055723, 2.944164, -1.293960, 0
1.290679, 0.119774, 1.088035, -3.953126, 0
-0.236896, -1.709934, 4.449116, -2.065017, 0
3.409213, 0.969642, -3.441424, -1.180602, 0
1.552891, -0.972636, -1.742848, -2.927221, 0
-1.271002, 1.621163, 2.150408, 1.093458, 0
-4.451832, -1.056224, 0.528521, -0.596955, 0
-2.717834, -2.901245, -2.765137, -2.418828, 0
-1.996610, 0.810840, -0.685743, 1.796712, 0
-5.684302, -1.263257, -1.151489, 1.539163, 0
-2.922693, -3.129274, 0.017991, 3.731976, 0
-0.570863, -2.920162, -0.491229, 1.592379, 0
-2.826081, -0.836220, -3.009415, 1.020819, 0
0.529061, 0.598421, -1.081434, -1.107488, 0
0.231880, -0.067564, -2.438836, 0.267184, 0
-0.747161, -2.008692, -1.466163, -1.822858, 0
-3.215355, 2.712102, 1.496248, -2.993305, 0
-1.701287, 1.398948, 1.129254, 1.911734, 0
-4.328532, -2.099673, 2.290509, -1.159630, 0
-1.092754, -1.819174, 1.867599, -2.795750, 0
-1.219888, 0.262753, 3.874705, 0.988937, 0
0.434988, -0.912078, 0.329160, 1.016884, 0
1.279762, 0.672536, -1.495260, -3.088396, 0
-2.864427, 3.761650, 2.242596, 0.682749, 0
-2.001198, -0.747196, -0.336765, 2.127173, 0
-1.956296, -0.732052, -1.301669, 0.363116, 0
0.535958, -3.767078, -1.062578, -1.438150, 0
-0.300048, 2.961499, -0.528734, -2.845980, 0
-2.049756, -3.422284, 0.856460, 3.136478, 0
1.056054, -1.497007, -0.239591, 0.305020, 0
-2.704908, 1.288337, -0.911285, -0.316833, 0
3.754632, -2.232155, -1.485321, -1.713250, 0
-2.815652, -0.172471, 2.811428, 2.145152, 0
0.985057, 2.171255, -1.740068, -0.134499, 0
-0.359747, -3.285802, -2.528350, 0.818779, 0
-2.643536, -1.243175, -1.948929, 0.939081, 0
-1.306905, 0.100753, -2.253703, -0.498943, 0
1.345082, -0.161912, -0.512783, 1.825740, 0
2.178406, -1.952997, -0.635101, -0.159700, 0
-5.030184, -2.205909, 2.693943, -1.007182, 0
-1.869815, 2.373931, 2.566403, -0.355485, 0
1.877440, 0.912610, 0.015072, -0.403765, 0
0.783867, 0.372334, -0.824169, 0.241245, 0
-2.872347, -2.581619, -1.073415, 3.895301, 0
-3.274612, 3.236657, -1.541562, 0.958758, 0
-4.089761, 1.045234, -1.074266, -1.090700, 0
-0.436064, 0.338395, 0.324347, -0.790091, 0
0.631237, -0.325571, 0.583673, -0.976621, 0
-2.331181, -1.509675, 0.955482, -1.082900, 0
-1.931728, -1.920903, 2.727880, -1.886697, 0
-0.804950, -0.416651, 2.979497, 1.594332, 0
-1.931825, -2.948165, 3.030071, 1.615453, 0
-1.570104, 0.348854, 1.387814, -2.321814, 0
-3.835482, 0.289059, -0.056760, 0.909685, 0
-1.849355, -2.081196, -0.273260, 1.066385, 0
1.251306, 0.414538, 1.168917, 1.550483, 0
-2.724952, 0.875360, 0.367442, 2.418285, 0
-1.582690, -0.174193, -4.215264, 2.423118, 0
-1.685986, -0.424259, -1.857039, -2.703613, 0
-1.554764, -1.384882, -2.745123, 0.453910, 0
-2.679195, -1.753518, 1.162738, -1.183979, 0
-0.676939, -0.165034, 2.416271, -1.933510, 0
-0.218520, -1.104181, 4.249252, 0.158201, 0
0.366739, 0.706766, 0.391007, 3.604342, 0
-0.660030, 0.709190, -1.927283, 2.145104, 0
1.640752, -1.282778, 1.773020, 1.127957, 0
-3.307535, 1.150877, -3.721004, -0.031921, 0
0.351173, -2.823341, 2.909437, -0.195524, 0
1.208360, 1.403437, 0.348507, -1.867092, 0
0.325957, -0.686218, -0.888971, 0.924498, 0
0.800320, 1.873526, -1.492595, 1.344170, 0
-0.114127, 1.343862, 3.484907, -0.122769, 0
0.108815, -1.773371, 0.023837, -2.598130, 0
1.257175, -1.757478, -1.427116, 1.433707, 0
-0.431924, 0.624195, -1.608476, -1.920361, 0
-0.652804, -3.261148, 1.405693, 0.838467, 0
-3.735703, 0.917415, 3.715786, 1.674311, 0
-2.337149, 2.849987, -2.045743, -0.884327, 0
0.183843, -0.379197, -1.199298, -0.881149, 0
-0.000287, -2.963196, -0.781246, 0.118400, 0
-0.385511, -1.179794, 0.898914, -0.712960, 0
2.239792, 0.563700, 1.523143, 1.535059, 0
-1.388442, 1.904547, 1.292619, -2.830053, 0
-2.313600, -0.397646, -0.014318, -0.761667, 0
-4.713557, -4.440027, -0.345217, 3.417951, 0
-4.130459, 0.493310, 1.614176, -0.178433, 0
-0.371595, -0.827353, 3.497945, 0.245739, 0
-0.261164, -1.257158, 1.316260, 4.580611, 0
-4.654839, -1.125585, 1.750552, 0.491416, 0
-4.254811, 2.367641, -3.055366, -0.843172, 0
2.511778, 0.885525, -0.571899, 2.695136, 0
-1.123885, 4.083317, -1.705193, 4.251224, 0
0.445341, 4.909205, 1.157909, -1.584562, 0
1.038966, -1.197845, 1.129527, 1.468953, 0
-0.931956, -2.098866, 2.096777, -1.992151, 0
-3.098343, 4.373909, -1.268778, 1.927475, 0
3.455476, -0.611796, -1.278767, -0.918947, 0
-4.492334, -0.037386, 2.258213, 0.877968, 0
3.371175, 0.141818, 1.878941, -1.302938, 0
-1.249346, 1.888779, 1.623568, -1.143112, 0
-2.141080, 4.092940, 2.668408, 0.080871, 0
0.357405, 0.576132, 1.180817, 0.810238, 0
-1.285874, -2.324841, 0.888245, 0.919801, 0
0.299044, -0.276481, -0.265558, -3.955180, 0
-2.345115, 0.695545, -5.149515, 4.417986, 0
1.800474, 1.476648, 1.843682, -0.425507, 0
-1.666491, 0.909039, -0.476859, -0.138985, 0
-4.240675, -2.162505, 0.594723, 3.323143, 0
-3.089411, 2.134856, -0.394685, -0.307224, 0
-1.843524, 1.467655, -3.991978, -0.593779, 0
-0.278708, -3.020603, -0.222226, -2.676368, 0
-2.926730, 1.090845, 1.152729, -2.107932, 0
-4.107884, 2.839688, -0.197530, 2.584528, 0
-2.127152, -0.275302, 4.060876, 1.477215, 0
-5.536646, -3.240967, -0.014461, 0.508202, 0
-1.263716, -0.930288, 0.608896, -4.514282, 0
0.384207, -1.163442, -2.664745, -2.166494, 0
-3.782328, 0.394335, 0.685771, 1.908142, 0
1.495172, 3.208315, -0.388256, 0.765601, 0
-0.780792, 4.124992, -1.398686, -1.201637, 0
-2.545433, -0.270780, -0.109458, 0.853327, 0
1.113761, 0.881908, 0.292339, -2.059351, 0
-0.195287, 0.302601, -4.618156, -0.292527, 0
-2.258198, 0.411448, 4.652374, 0.539293, 0
1.490997, 0.457738, 0.752304, 1.075750, 0
2.533778, 1.644623, 0.888948, 1.857361, 0
0.968436, 0.609448, 5.091029, 1.916249, 0
-0.249052, 3.522918, -1.239118, -0.772058, 0
1.878049, -0.516877, 0.695512, -4.972811, 0
-1.984188, 0.587148, -3.056795, -2.382996, 0
-1.881109, 1.670371, -0.960947, -1.384054, 0
0.694390, -1.969778, 1.899273, -1.397255, 0
-3.238028, -2.408010, 1.880352, -2.140890, 0
-1.724682, 1.039568, -3.948321, 3.229230, 0
-3.772922, -2.489815, -1.698588, -2.827687, 0
-3.921278, 2.364057, 1.113606, 0.576583, 0
0.004395, 3.391115, -3.555655, 0.842337, 0
-0.693471, -0.691782, 0.882857, 0.742002, 0
2.006383, -2.187436, 1.327420, 1.843681, 0
0.194866, 1.127183, -0.541047, 1.113418, 0
-2.322990, -0.198284, -1.524603, -1.156708, 0
-2.484085, -0.487685, -1.725276, 2.899494, 0
-1.153592, 2.941138, 2.088790, 1.496883, 0
1.061784, 3.560523, 0.867700, 3.048831, 0
1.721727, -0.679810, -1.929821, -0.035396, 0
-4.585835, -0.368203, 1.055270, -1.405259, 0
0.470123, 4.288001, 0.143270, -1.033507, 0
-3.416616, 0.714735, 0.460929, 4.075590, 0
0.233065, 0.156037, -2.606319, -1.396167, 0
0.193828, 2.240152, -0.538787, -0.782737, 0
3.967418, 0.141659, 0.407706, 0.673613, 0
-1.632342, 3.446844, -2.538620, 0.550843, 0
0.423645, 2.616580, 0.920326, -0.271152, 0
-0.005785, -2.280496, 1.551168, -0.037644, 0
-0.662480, 1.404084, 1.380134, -0.771279, 0
-2.970230, 2.191174, 1.041808, 3.980170, 0
1.613573, -0.329401, 1.394673, -2.682390, 0
-2.398606, 0.520163, -1.323354, -0.182250, 0
-0.123302, -3.034151, 1.840671, 4.039378, 0
0.509722, -1.661702, -2.465851, 2.062530, 0
3.875863, -1.213795, -0.245140, -0.735041, 0
1.858797, 3.074198, 2.586984, -1.455141, 0
-2.381760, 0.211165, 1.181398, -1.377054, 0
-3.004682, 1.431485, 1.131890, -3.714108, 0
-3.452051, 2.592432, -2.889983, -0.315895, 0
-4.140766, 2.581514, -1.187733, 2.560704, 0
-0.583026, -1.370896, 0.066794, -1.444168, 0
-2.735534, -1.336867, -1.658095, 4.290960, 0
-2.688765, 1.630627, -2.043590, -1.449436, 0
2.127039, -1.776368, -0.034803, -1.794984, 0
-0.206968, 2.980708, -0.021437, 1.779904, 0
-1.386403, -1.719328, -2.356661, -4.330376, 0
-0.281837, -0.710833, -1.381071, -0.079886, 0
-1.844655, 1.067662, 1.106465, -1.500360, 0
-1.041091, -2.993898, 2.729565, -1.716715, 0
0.693076, 0.946529, -0.072097, 3.550297, 0
0.986515, 0.773521, 0.114333, -0.155148, 0
-2.303245, -2.293176, 0.611502, 0.420901, 0
-3.994477, 1.197797, -1.883459, 1.562021, 0
-2.436039, -3.482528, 2.399023, -0.132679, 0
-0.702018, -0.643455, -3.024584, -0.184246, 0
2.287310, 2.019212, 1.348345, -0.002848, 0
-3.799912, -0.599340, 3.660564, 1.591181, 0
-4.447189, -2.415046, 4.592957, 1.578640, 0
-0.665946, -3.007737, -2.552510, -1.974713, 0
-6.290734, -0.330101, 0.483537, -2.367733, 0
-4.298442, 1.867610, -0.947052, 1.348315, 0
-2.658295, -0.727689, 1.623138, 0.605752, 0
1.573696, -0.539512, 0.305324, -2.286693, 0
-0.854623, -0.284234, -0.161640, -0.442610, 0
-1.429281, 3.139005, 1.649132, -1.348423, 0
-1.053347, -1.075911, -0.868491, -1.610602, 0
-1.463650, 1.670206, -0.060667, 0.466611, 0
-1.279339, 1.063478, -0.715769, -0.793251, 0
-2.710133, -1.168760, 1.352320, -3.677649, 0
-2.230698, 0.663158, -1.201244, 0.587604, 0
-3.520346, 1.444937, -0.145829, 0.923097, 0
1.478371, -2.564614, 0.370851, -0.591125, 0
-3.886593, -1.648886, 0.280531, 1.476714, 0
3.661182, 0.987107, -2.494086, -0.062858, 0
-0.265783, 0.205787, 0.607065, -1.088754, 0
-1.989079, -0.684567, 0.580991, 2.126085, 0
-1.855435, 1.952713, -1.262044, -0.599950, 0
-3.542781, -2.760651, 0.072576, -0.504791, 0
1.851311, -1.533412, 2.067857, -5.039585, 0
-0.621347, 0.878106, -1.922671, 2.198742, 0
-1.469254, 0.779059, -2.337219, -1.411158, 0
-0.772296, 0.494058, 1.567286, 0.868945, 0
-4.252536, 1.727470, 0.796790, 0.186452, 0
-0.287180, 0.395580, 0.169258, -1.937513, 0
3.547537, -1.407233, 1.995014, 1.001586, 0
-0.780439, 1.078006, -1.414809, 1.813559, 0
-1.416512, 0.889416, -3.311751, -0.285156, 0
-3.102873, 0.688083, 0.897006, 2.294268, 0
-1.116150, 1.186011, -2.277536, 1.912138, 0
0.572027, -1.505668, -1.180026, -0.327916, 0
-1.691817, 0.014908, -0.240849, 2.199032, 0
-4.207441, 5.197636, 0.710283, 3.000423, 0
0.711994, -0.278919, 0.976720, 2.608358, 0
-1.566882, 1.232782, -0.984435, 0.437886, 0
-0.525711, 1.357407, 0.599225, 0.109322, 0
-3.720037, -1.573134, 1.403959, 4.470129, 0
0.685765, -0.967938, -2.155925, 0.822011, 0
0.256398, 0.569508, 0.783278, -1.676967, 0
-0.457410, -1.439525, -0.593761, -3.128853, 0
0.216962, 0.327934, 0.048568, -0.835297, 0
-2.205051, 2.104230, -2.931774, 5.862873, 0
-3.125641, 1.164969, -0.096207, 3.041585, 0
-0.528364, 0.859195, -0.409684, -1.531714, 0
-3.480446, -0.361353, -3.348562, 1.973110, 0
-1.309781, -1.157574, -0.141039, 0.354335, 0
-2.843560, -1.920731, -1.102790, -0.560457, 0
-1.518406, 2.110567, 0.487577, 0.777319, 0
-2.327086, -4.394508, -0.776373, -3.866089, 0
-2.573188, -2.381097, -2.022124, 1.579290, 0
-1.120364, -2.025363, -4.731770, 1.199630, 0
-0.877664, 0.610888, -3.596197, 4.438023, 0
1.566668, 1.952446, -5.562731, -0.080268, 0
-1.080774, 0.794080, 0.313417, 0.873803, 0
-1.163162, -1.286672, -3.696651, 3.483542, 0
-1.315051, 0.134263, -1.104909, 3.653426, 0
-4.734132, -0.604421, 2.924752, 3.142093, 0
-2.170730, 0.784426, 1.488075, -2.960125, 0
0.050684, -4.787538, 1.730813, -1.549823, 0
2.512424, 1.255218, 0.747752, -2.357342, 0
0.116939, -0.852757, 1.061660, -2.405579, 0
-1.055209, 0.626990, -4.833006, 2.044843, 0
-4.158960, -2.307036, -3.042499, -0.324082, 0
0.016461, -0.733270, 2.722465, 1.468427, 0
-2.827674, -0.540735, 3.205924, 0.241569, 0
-1.467027, 2.157020, -0.908682, -0.381206, 0
4.032891, -0.689178, 1.465363, -0.430085, 0
1.910352, -4.356153, 0.450135, -1.877166, 0
0.866562, -0.814307, 0.567868, 3.653243, 0
2.547086, -2.886539, 0.241136, -4.239601, 0
-4.407843, 2.382082, -0.198862, -0.104377, 0
-2.819276, 0.699744, 1.493011, -0.188316, 0
-1.222587, -0.820439, 1.441167, -0.969865, 0
1.319853, -2.130057, 3.358580, -0.592242, 0
-2.577320, 0.185530, 0.640313, -0.838527, 0
-2.872086, -3.666069, -0.467587, 0.944834, 0
-0.603681, 0.134925, 1.952524, 2.090975, 0
-1.827732, -1.064870, 0.101438, -2.107729, 0
2.415467, 1.042513, -0.739837, -0.189636, 0
0.387867, 0.577241, -1.903528, 0.862184, 0
0.490675, 0.182433, 1.716468, -0.292460, 0
-3.713274, -1.039348, 1.743275, -0.752322, 0
-0.663891, -0.706275, 2.731939, 2.426139, 0
2.204863, 0.720658, 0.145493, -0.558067, 0
-1.009961, 1.934766, -0.875331, -2.267533, 0
-0.079864, -0.687142, -1.168821, 3.495345, 0
-1.981989, 1.782597, 1.950697, -1.351068, 0
-0.015723, 0.511967, -3.012886, 1.008120, 0
-2.227748, 1.663224, 2.075327, -0.575934, 0
0.873336, -1.551215, -2.778009, 0.104066, 0
0.406892, -1.615323, -0.910864, -1.792542, 0
0.749341, 3.953498, 0.457737, 1.022345, 0
-1.594707, -2.236158, 1.114497, -1.466448, 0
0.537179, 0.622689, 0.389562, -5.743048, 0
-1.946576, -0.646997, -2.692375, 1.726351, 0
0.225922, 1.266409, 1.605219, 0.859795, 0
-1.394933, 1.737851, 1.250026, -0.097564, 0
-2.764135, -3.424620, -2.022718, 3.730511, 0
-2.119424, 0.356564, 3.385691, -1.534038, 0
-2.518249, 0.282101, -0.223509, 0.762496, 0
-1.861903, 2.479234, 4.960842, 0.496146, 0
-0.197511, -0.819942, -2.872384, -1.174032, 0
-2.708072, 1.541143, 0.018389, 1.512988, 0
-4.932567, 2.887994, -0.064762, -0.126581, 0
0.661578, -0.749883, 2.751040, -3.262890, 0
-0.370962, -0.745172, 0.871460, 1.829254, 0
4.309345, -1.170127, 3.057778, 0.023011, 0
-2.386927, -0.661304, 3.730692, -2.240376, 0
-0.511362, 1.120444, -2.015153, 2.808663, 0
0.622248, 1.492597, -2.055819, 0.037661, 0
-1.594912, -1.399441, 3.806322, 4.124456, 0
-2.759733, -1.767382, 2.086931, -3.774551, 0
-1.801358, 1.787091, 0.336072, 2.735670, 0
-0.626048, 0.478685, -1.372964, 1.961547, 0
1.451789, 1.067933, 1.601842, 2.127446, 0
-5.167210, -0.086957, -1.918495, 0.233745, 0
-3.116982, -1.053986, -1.329456, 3.130259, 0
3.244889, 2.257434, -0.295944, -2.270571, 0
2.147511, 0.391953, -0.051644, -1.436510, 0
-0.921100, 0.303360, 0.537343, -1.822096, 0
-3.380015, -3.086370, -0.288984, 5.634355, 0
3.517178, 0.165964, 0.381326, -1.719834, 0
-1.637740, 1.536840, -1.241754, -2.406234, 0
-0.206799, 1.147411, 0.280113, -4.605609, 0
0.540924, 1.438298, -2.555276, -4.002818, 0
-4.618150, -2.343540, 1.819639, -1.325374, 0
0.109422, 0.490802, 2.529305, -2.870168, 0
-3.754443, 0.035395, 2.789181, -1.569751, 0
-1.336065, 3.104339, -0.761324, 2.448041, 0
-2.008847, 0.641595, 1.064210, -0.120912, 0
-5.665879, 2.526141, 0.220330, -3.276768, 0
-5.179043, -0.607936, 7.043001, -1.577034, 0
-3.534697, -1.274547, 0.840656, -3.398387, 0
-2.262513, -2.339867, 0.967156, 3.360360, 0
-3.362655, -0.244612, -0.679610, -2.142339, 0
1.368750, 0.041498, -2.657189, 1.415167, 0
-0.731987, -1.683325, -3.273448, 0.297844, 0
-1.152103, 0.634671, -0.313440, 0.242408, 0
-0.948511, 0.167288, 4.035698, -3.056845, 0
0.046226, 1.680201, 0.803326, 0.693396, 0
-1.376988, 2.132008, -5.047325, -1.166817, 0
-0.059058, 0.225461, -3.208579, 1.928843, 0
0.517498, -3.748315, -1.908298, 1.394754, 0
-3.797040, -1.285276, -0.488920, -1.824822, 0
-0.843256, 0.301253, 0.116303, 1.270282, 0
-4.549917, -1.595106, -1.955695, 0.999377, 0
-0.106904, -1.905503, 1.107511, -2.377359, 0
0.136818, 1.800242, 1.460299, 0.409404, 0
-2.776186, -0.635884, -0.096988, -0.536513, 0
0.699097, -1.841422, -2.179299, -0.923921, 0
-5.143050, 2.296130, -0.515479, 1.677243, 0
-1.933713, 1.739991, 0.973454, 0.424890, 0
-4.413865, 0.588288, 0.076364, 1.818066, 0
1.938452, -0.199899, 5.390823, 1.932801, 0
0.088407, -1.206469, -2.443182, -1.152912, 0
2.057516, -0.667892, 3.036532, -2.006968, 0
-4.513021, -0.451873, -2.187453, 0.138240, 0
-1.636582, 1.101634, -1.353079, -3.579119, 0
-1.506395, 0.072179, 3.850238, 2.466115, 0
-0.359457, 0.112790, -2.553540, 1.341616, 0
-5.574940, 0.323480, 0.113614, -0.893334, 0
0.032477, 1.446334, 0.688114, 2.437050, 0
-2.782639, -0.013684, 1.077602, -0.011107, 0
-1.832988, -0.621849, 1.015229, -2.308020, 0
-4.607037, -2.275369, -1.427712, 2.032941, 0
-1.850147, 3.168636, 0.276952, -0.139586, 0
-3.107107, -0.185121, 2.977375, 1.244899, 0
-1.091771, -2.740825, -0.605781, -0.769746, 0
1.732304, 0.285545, -0.074447, -2.072326, 0
-2.487106, -0.207785, 1.680382, -2.120655, 0
-1.934916, 1.190922, 1.421340, -1.897512, 0
0.385040, 0.782962, -2.935243, 4.685483, 0
-1.821549, -1.987968, 1.415400, -2.583217, 0
-1.401163, -1.024374, -2.918079, 3.210694, 0
-0.089249, 0.622707, -2.729450, 1.439171, 0
4.147181, 2.373929, -1.058534, 5.161765, 0
-1.605505, -1.289382, -0.078267, -0.527375, 0
2.107963, 1.059742, -0.375148, 1.798418, 0
-3.583128, -0.537382, -3.509122, 0.177458, 0
-0.583182, -0.792513, -0.332726, 1.481400, 0
-3.239474, 0.609960, 1.113741, -1.274064, 0
-4.731423, 2.004966, 3.078623, -2.397620, 0
-3.435004, 1.979335, -2.305855, -0.312497, 0
-4.487595, -0.395649, -2.874038, -1.254286, 0
0.204437, 3.436229, 0.172044, -1.413428, 0
0.883300, 1.601321, -3.462610, -1.610734, 0
-1.048706, 1.760704, -0.942560, -2.812835, 0
-2.480844, 0.510827, 2.233597, 2.519663, 0
-2.239982, -2.586903, -0.644883, -1.649493, 0
-0.751631, 0.476929, 0.279240, -3.792584, 0
-0.629726, 0.414501, 0.169707, -0.035106, 0
-1.890785, -0.192321, -1.472244, 4.166784, 0
-0.606147, 1.260034, -0.719688, -2.778523, 0
0.439885, 0.235107, 0.514819, 2.831055, 0
0.948635, 0.269701, -1.195266, 0.455376, 0
-0.539268, -1.756582, 1.319764, 1.586499, 0
0.728052, 0.169498, 2.115599, 2.338169, 0
-1.697402, -0.235030, 1.661620, 1.657367, 0
-0.943944, -1.906049, -1.717582, 2.884404, 0
1.749095, 0.460419, -1.585767, -0.714082, 0
2.164923, -1.133970, 3.052095, -1.705395, 0
-1.470651, -3.071154, -1.187927, 0.245262, 0
0.452627, -2.567217, 0.845639, -1.943864, 0
-3.083940, -0.223379, 0.942438, 1.233142, 0
-0.332042, 2.756051, 1.273589, 0.198713, 0
-1.282990, -0.271502, -1.088463, -0.643346, 0
-0.928544, -2.936125, 0.432999, -1.738192, 0
-0.392742, 1.549376, -0.563362, 1.680333, 0
4.706979, -0.506943, -0.831264, 0.264482, 0
-1.745249, 3.337573, 5.130020, 2.895180, 0
-2.596721, -1.768367, -1.572772, 1.755055, 0
-1.145100, 1.615765, 0.957598, 0.040843, 0
-2.539245, -0.704866, -2.514223, 0.821430, 0
-0.908041, 1.872755, 2.526767, 0.955911, 0
-0.536980, -1.383389, -1.373977, 1.039947, 0
-2.137752, 1.229415, 1.675259, -0.666864, 0
1.531457, 1.754280, -4.983368, -1.944350, 0
-0.161201, 2.716586, -2.032986, -1.713214, 0
-1.333908, 2.184738, -2.871699, 0.981100, 0
0.520788, -1.439994, 1.039407, 2.418869, 0
-1.745145, 0.567834, -0.922557, 2.022638, 0
-1.438600, -2.951269, -2.689321, -0.797700, 0
-2.312129, -3.325341, -0.205076, -0.372528, 0
-3.215993, 0.493845, 4.475557, -2.132950, 0
-0.956802, 0.922166, 0.956893, 0.589320, 0
0.063252, 0.334416, 2.329016, 0.506455, 0
-2.313762, -1.286526, -3.031616, 4.623506, 0
-2.067225, -1.449259, -0.493305, 0.531434, 0
1.274453, -2.368050, -1.077718, 0.105947, 0
-2.523675, -2.525179, 0.410876, -2.971006, 0
1.173271, -2.545797, -0.899763, 0.574078, 0
-2.726156, 1.914526, 0.935896, 0.299485, 0
2.191111, -2.575869, -0.952000, -1.605908, 0
-1.382821, 0.619445, -3.839534, 0.641527, 0
-2.647796, -1.665430, 0.247432, -0.042726, 0
1.017776, 4.247742, -3.569971, 2.297655, 0
-5.336471, -1.726796, -2.160222, -3.182832, 0
-4.543238, 2.016406, -0.909676, -1.803798, 0
0.489917, -1.507617, 1.658232, -1.732407, 0
-0.972328, -0.506605, 0.297322, -1.867593, 0
0.276602, 0.304324, -1.032743, 0.264125, 0
-2.563365, 0.418567, 1.818763, -1.621598, 0
2.452662, 0.799644, 0.126783, -0.177493, 0
-0.856637, -3.097935, 3.802528, 1.546897, 0
-6.119956, -3.434255, -1.807473, 0.480699, 0
0.193145, 1.830408, 2.151673, -1.681388, 0
-3.765159, -1.139228, 1.652145, -0.895702, 0
0.768322, 2.895229, -1.149982, -0.506363, 0
-4.315894, -1.189735, -2.849440, 1.653157, 0
-1.017979, -3.055977, -2.716139, -0.922684, 0
-3.243151, -2.163067, 0.891108, -1.607043, 0
1.278736, -1.447248, 5.499918, 2.502348, 0
-5.429747, 1.985411, -0.057606, 0.301259, 0
0.486804, 2.631805, 0.373129, -2.396242, 0
-1.334095, 1.026571, -0.048396, 2.670616, 0
2.029411, 0.200538, 2.357997, 2.302703, 0
-1.719707, -3.129751, -1.311512, 0.705697, 0
-2.868156, 2.091866, -2.468081, -1.581499, 0
0.165624, 0.384384, -2.578316, 3.257700, 0
-1.405286, 0.158794, 2.262694, 1.023849, 0
-0.833419, -0.370976, 1.915065, -0.274513, 0
-0.189145, -3.560473, 0.786803, -1.557639, 0
-4.502904, -0.501031, -2.256386, -1.701519, 0
0.447789, 0.246962, -0.797396, 0.364622, 0
0.486599, -2.514365, -2.545962, 3.122787, 0
-1.229210, 1.034777, 4.171345, 0.023703, 0
-1.339784, -0.131838, -2.234904, 1.045902, 0
-0.615803, -2.088632, -0.428032, -1.647700, 0
-0.911149, 1.122023, 1.151420, -0.406814, 0
1.909377, -2.487698, 0.874697, 1.655229, 0
1.981340, -0.903191, -3.729530, 0.470280, 0
0.082581, 2.642107, 0.436400, -1.902181, 0
-1.158462, -0.993848, 0.645459, 1.911390, 0
-4.814567, 0.570891, 0.228168, -3.822965, 0
-3.271212, -0.570443, -0.961449, 0.040674, 0
-0.237730, 0.786238, 0.900625, 2.121584, 0
-3.353375, 1.099571, 1.294162, 0.197410, 0
-0.210654, 0.815199, 1.396999, 1.104102, 0
-1.704416, 0.279246, -0.175732, -3.038846, 0
-1.303732, -0.851969, -1.330834, 2.289033, 0
-3.751866, -2.339803, 2.555356, 0.381388, 0
-0.863385, -0.757576, -1.666732, -2.720633, 0
-1.817776, -0.890794, 1.198265, -0.081559, 0
-0.972892, -0.563468, 1.874207, -0.822518, 0
-2.186934, 1.543124, -4.150866, -1.722745, 0
-3.012858, -1.948053, 2.347669, 2.566841, 0
0.193675, -2.163153, 0.411005, -0.510244, 0
-2.898720, 1.860047, -0.187336, -3.693149, 0
-1.008039, -1.868049, -4.522738, 1.064093, 0
-5.901443, -1.162259, -3.960433, -0.516768, 0
-2.994275, -0.180386, 0.872789, 4.317358, 0
2.695048, 0.902660, -2.668806, -1.543847, 0
-2.115858, 3.825466, 1.020023, 0.256321, 0
-2.223574, -0.055329, 1.293512, -0.403540, 0
-1.098098, -0.045144, -0.988022, -2.475379, 0
0.614342, -3.022054, -2.223681, -0.450790, 0
-1.720388, -0.799104, 0.397187, -2.895404, 0
-0.695825, 1.869219, 0.925006, -0.216741, 0
-6.413772, 2.782684, 2.470960, 0.748727, 0
-1.319819, 1.874656, -0.923343, 1.753602, 0
-2.644469, 1.232697, -0.032098, 3.718461, 0
-3.915649, 1.915157, 3.943686, -2.085371, 0
-4.209086, 2.129287, -0.292058, 5.783406, 0
-0.427429, -1.790343, -0.145163, -0.621289, 0
-0.877269, -0.107402, 1.701268, -0.616929, 0
0.195517, -0.603597, -0.454502, 2.453845, 0
-1.482295, -0.417702, 4.615076, -0.142716, 0
2.355970, -0.699101, 0.833397, -1.745709, 0
1.540154, -1.913477, 1.847939, 1.689292, 0
0.282785, -1.787001, -2.005764, -0.622487, 0
0.689828, -0.231789, 0.887922, -2.135738, 0
1.485409, 3.115713, 0.501629, -0.467320, 0
-1.893649, -1.922749, 0.035392, -1.728708, 0
-0.422344, -0.031254, -0.418345, 2.691843, 0
-1.142417, 0.988925, 1.056280, 0.485802, 0
-0.196472, 0.777609, 2.877105, 0.150568, 0
1.297051, -0.618252, -3.862722, -0.389998, 0
-0.973362, 0.662664, 0.822540, -2.325959, 0
-1.779114, 1.104935, -1.982324, 1.775115, 0
-1.584644, 1.025638, -1.465664, -2.917502, 0
-4.699972, 0.320089, -1.061909, -2.380001, 0
-1.717206, 0.476267, -1.230444, 0.687044, 0
-3.884175, 0.246682, 1.841472, 2.320338, 0
-2.931845, 2.961836, 1.163091, -0.748398, 0
-2.583312, -2.393162, -0.836502, -1.391647, 0
-0.799363, -0.170220, -3.010612, 5.248992, 0
-0.758650, -0.856237, -2.567924, 2.748824, 0
0.144599, 1.311883, -1.317389, -2.610990, 0
1.397544, 1.949817, -1.338666, -0.796671, 0
-2.057502, -4.055975, 0.691072, 1.247696, 0
-1.943698, -0.180988, 3.063679, 1.259673, 0
-1.852148, 4.537866, 0.721874, -3.235668, 0
-2.626504, 3.886171, 2.859992, 0.920852, 0
-4.253245, 1.857419, 0.692220, -2.193530, 0
1.606719, -0.615236, -1.314298, 1.349365, 0
-0.552876, -0.194906, -0.290778, 1.667251, 0
1.405241, -1.950570, -2.048313, -1.163247, 0
0.919925, 1.762318, -1.173393, -3.259943, 0
-2.199989, 1.625253, 1.481222, -2.234460, 0
-1.495671, 0.871886, -0.344517, -2.500547, 0
-2.483404, -0.424162, -3.025487, 1.822676, 0
2.541312, 0.127712, -2.425427, 0.507689, 0
-1.947984, 2.298804, -2.554782, 0.135118, 0
-2.485010, 2.263028, 1.312322, -0.217447, 0
-3.100263, 0.708453, 0.023451, -0.185809, 0
0.010961, -2.840806, -0.506153, 3.592790, 0
-3.833448, 0.204225, -2.582084, -1.670051, 0
2.341251, 1.431071, -1.831748, -1.763866, 0
-1.569416, 0.264536, -2.237544, 4.882092, 0
1.593202, 3.725667, -0.089931, -0.158404, 0
-1.985246, -1.228945, -1.473414, 0.001783, 0
-3.145624, 1.846215, 3.478590, 2.377355, 0
-2.734948, 4.968239, -0.701885, -0.614351, 0
-0.861780, 0.566388, -0.241939, -0.427198, 0
-1.668884, -1.283127, 0.990438, -0.806932, 0
1.870658, -3.050747, -0.809588, -0.234720, 0
0.139540, -2.750823, 0.756030, -0.085496, 0
-1.455792, 4.440731, -0.245645, 0.874440, 0
0.114881, 1.013368, -3.156568, -2.596206, 0
-0.912320, -2.915489, 2.042995, 3.991465, 0
-0.491018, 1.983730, 2.629881, -1.379580, 0
1.890259, -2.418938, -0.670003, -0.882083, 0
-1.686936, 1.012579, -2.413799, -0.787897, 0
4.340614, -2.540820, 2.540186, 2.783850, 0
-1.067415, -0.283509, -1.740903, -2.489901, 0
-2.006555, -0.812517, 2.150115, -2.050047, 0
-2.564380, -1.199829, 1.803811, 1.399132, 0
-0.363572, -1.294804, 2.013100, 1.537800, 0
-0.599259, -1.681680, -0.529361, -3.415439, 0
-0.493458, -1.310400, 0.096102, 0.522916, 0
-0.941535, -0.535931, 0.375101, -1.167995, 0
-1.690049, 1.472692, -0.082328, 0.951689, 0
-3.547820, -0.869452, 1.045613, -1.128170, 0
-1.160309, 1.172136, 0.767097, -0.961172, 0
3.555777, -2.393055, 0.021812, -1.568487, 0
1.932851, 0.914162, -0.846200, 0.126350, 0
-0.504165, -3.612769, -0.739085, -0.438412, 0
-2.406449, -3.771216, -1.819455, -0.417880, 0
-2.588547, 1.150786, -4.286747, -1.668342, 0
0.104371, -1.564195, 0.765016, 1.130667, 0
-3.809567, 3.754359, 0.870504, -0.108133, 0
-1.119579, 2.140016, 1.358416, -4.751025, 0
3.806070, -1.178241, -0.787238, 1.026763, 0
-2.370497, -3.413263, -0.397055, 0.139565, 0
-1.720631, -2.933029, 3.179677, 2.938866, 0
-4.180540, 1.203677, -2.740466, 1.349689, 0
-0.972783, -0.531032, 2.678620, -0.975243, 0
-2.216591, -1.936414, -1.886392, 1.150151, 0
-3.621347, -1.963057, -1.727737, 0.648797, 0
-3.113421, -1.427976, 0.772022, -1.224370, 0
0.069510, -0.561471, -1.591422, -0.203094, 0
1.075548, -2.623775, 0.696207, -0.221222, 0
-0.827321, -3.233934, -0.682612, 2.117988, 0
-2.144263, -4.515958, -3.554941, -1.656946, 0
0.549911, -1.369122, 2.193923, 0.324905, 0
0.899454, 2.044700, 1.512143, 0.849456, 0
-3.190900, -0.619112, 0.235020, -2.657877, 0
-0.676673, -0.993428, 0.322484, -1.789160, 0
-2.168022, 0.692457, -0.362853, 0.935133, 0
-1.149228, 1.537402, 3.820890, 4.072261, 0
-1.017705, 1.531319, -2.272729, 1.114954, 0
-0.711464, 0.197832, 1.524677, 0.097573, 0
-0.178827, 1.394605, -0.872123, 2.740193, 0
0.189691, 3.991742, -0.312950, 0.198489, 0
-0.824317, 0.910760, 2.660964, 1.023008, 0
-2.442700, 0.598318, -0.658503, -2.294809, 0
-4.763910, -2.562296, -0.730973, -3.636875, 0
-1.087316, -0.184266, -1.020443, -0.984600, 0
-1.708317, -1.108841, -0.080611, -2.217892, 0
2.647927, -0.973210, -2.478031, 1.498847, 0
0.210897, -4.514863, 1.077082, -0.491006, 0
-1.089969, -3.450935, -1.978156, -1.299869, 0
-1.048868, -0.283106, -3.106902, -0.485397, 0
-2.402606, -6.758517, -2.214500, -0.816242, 0
-1.549337, 1.113358, -0.040044, -1.853876, 0
1.136178, -0.705207, 0.834737, -2.046533, 0
-1.109583, 0.729178, 0.071362, -1.607312, 0
-4.743883, 2.405891, 2.043954, 2.202108, 0
2.026899, 2.744777, -1.679270, -0.031484, 0
-3.504959, -1.456941, -0.214202, -2.686831, 0
2.333130, 0.358774, -4.044616, -1.283985, 0
0.501637, -0.273574, 0.630903, -0.063930, 0
-3.556118, -1.979485, 3.744458, -2.713312, 0
-6.158690, -1.315736, 1.846894, -0.590679, 0
-0.929067, -3.110049, 2.591784, -2.250351, 0
-1.216378, -0.406412, -0.927365, -1.008691, 0
0.434995, -2.564672, 0.986111, -2.579256, 0
0.301697, -0.523554, -0.982360, 2.637486, 0
-1.549938, 1.457141, 0.071612, -3.097366, 0
-2.164827, -1.543472, -1.645507, 0.574986, 0
0.817486, 1.646329, 0.558956, -2.554127, 0
-1.865983, -4.748926, 2.103233, -4.023531, 0
-1.053893, 0.668099, -1.027499, -2.379567, 0
-3.272532, -3.092491, 0.240279, 1.564880, 0
0.626663, 3.841601, -0.475263, 2.453720, 0
1.472963, 2.636650, -0.873582, -0.211727, 0
-1.860521, 1.282870, -5.230837, 1.294921, 0
0.613335, -0.691314, -2.811419, 2.151968, 0
-2.250206, 4.338563, -0.957882, 1.690819, 0
1.963901, -0.089232, -2.416324, 0.919161, 0
-0.630739, -1.077954, 0.444303, -2.551293, 0
2.920051, 5.720745, 0.600847, 4.706846, 0
0.074247, -1.011985, 0.280338, 1.169703, 0
-0.863002, 1.313672, -6.954723, -0.576384, 0
0.167293, -2.355661, -0.360255, 2.472174, 0
-1.328064, 0.548801, 1.957639, -0.495672, 0
-3.023600, 0.050965, 1.171395, -0.532665, 0
-2.688449, 1.467284, -2.643646, 0.033661, 0
0.171927, -0.173568, 3.669359, -2.513298, 0
-3.807660, 1.897893, 0.647642, -1.203309, 0
-2.922424, -1.227321, 1.261317, -0.861367, 0
0.495514, -2.974583, 1.485541, 3.733588, 0
2.292488, -2.526255, 2.376141, -2.290137, 0
-6.726381, 0.209883, -2.003953, -1.153237, 0
0.207618, -2.728453, 0.217346, -1.477528, 0
0.809187, -1.866004, 2.475209, 2.433869, 0
-3.560751, -1.850729, -0.054472, 0.050208, 0
-1.341256, 4.492106, -0.925242, -1.526201, 0
-3.116691, -1.432165, -3.326572, 0.763742, 0
-2.504976, -1.430839, 2.388817, -2.884630, 0
-1.040044, -2.634653, -3.072787, 2.951357, 0
-1.900995, 2.429255, -0.894122, 3.221831, 0
-0.955833, -1.476945, 2.165187, 1.802155, 0
-0.232848, 1.918340, -0.311439, 0.492280, 0
2.342576, 2.428175, -1.602645, 3.264364, 0
1.099631, 0.391459, 0.303772, -1.812407, 0
-1.543485, 1.576620, 0.805395, 1.562664, 0
-2.149885, 2.062389, -3.566590, -4.534986, 0
-0.715938, -2.685560, -0.749287, 1.022936, 0
0.552943, 0.815966, 0.173813, 2.434289, 0
-0.496423, -0.505109, -4.151265, -1.267525, 0
-3.756890, 1.998003, -1.224707, -1.010020, 0
-1.980390, 3.235977, -0.471109, 0.561074, 0
-1.328163, 1.528315, -3.435867, -1.012322, 0
-1.880496, 2.468513, 0.040778, 1.561718, 0
-2.697543, 1.718223, 1.061780, -0.477709, 0
-3.642446, -1.802460, 1.266152, 1.643761, 0
5.111205, -0.328205, 1.884208, 1.653445, 0
0.094296, -0.276247, 5.031528, -2.302425, 0
0.752675, 0.895285, -2.534816, -4.400305, 0
1.573842, -0.215541, -3.223991, -3.380170, 0
-2.772042, -0.423071, 0.110039, 0.646283, 0
-2.405766, 1.023155, -1.663687, 1.860209, 0
-2.269035, -0.577171, 2.155126, -1.391116, 0
-2.267232, -3.705014, -2.264617, 2.214586, 0
-3.762466, -1.230105, -1.757426, -2.415601, 0
2.295201, -0.225730, 2.672469, -1.466387, 0
-4.962033, -0.041691, 0.812597, -1.590237, 0
1.346931, -3.792859, -2.287022, -0.981958, 0
-1.870611, 2.453408, 0.411044, -0.388708, 0
-0.513300, 1.000807, -0.195709, 0.763163, 0
-3.288538, -0.045019, 1.569563, -0.602405, 0
-2.687704, -3.401589, 0.207169, 0.582598, 0
-0.100908, -0.740926, 0.721171, -0.335021, 0
-1.246492, 1.594036, 0.195001, 2.694548, 0
-3.389200, 0.953661, -1.457023, -3.810967, 0
-0.209764, -1.007434, 0.984896, -0.335043, 0
1.737063, -0.755936, 1.691534, 0.149660, 0
-2.104331, -0.116196, 1.436738, -3.317446, 0
-2.524274, 0.337038, 2.643986, -2.775118, 0
-1.104531, -4.110693, -2.987724, 2.386701, 0
0.312928, 2.760804, 1.161845, -0.637210, 0
1.050241, -0.569774, -1.040634, 0.754384, 0
-0.210213, 0.550134, 5.071653, 0.819068, 0
-1.812656, -4.244030, 0.122440, -0.725396, 0
-0.037102, 0.537995, -2.025966, -2.842822, 0
-2.425960, -3.919731, -0.992281, 1.717945, 0
0.543574, -1.384599, -2.175008, -0.990827, 0
-1.195162, -5.175943, -1.687348, -0.623778, 0
0.282946, -1.877824, 1.942062, 0.183470, 0
0.833620, 5.058963, 4.270127, -2.521547, 0
0.055791, -0.733279, 3.697232, 0.746195, 0
-1.208783, 0.882767, -0.139048, -4.066270, 0
3.086224, -0.095293, -1.209876, 1.802411, 0
-0.397428, -1.175415, 0.620184, 2.245943, 0
0.410598, 1.407412, 0.108168, -2.159912, 0
-0.424989, 0.912845, -2.195471, -0.555355, 0
-4.758356, -2.243808, 0.478250, -3.633772, 0
-0.037672, 3.987629, 1.136115, -2.787327, 0
-0.630902, 1.052102, -0.470796, 0.741545, 0
-1.425081, 0.697642, -1.722752, -2.407278, 0
-1.930850, -2.467098, 0.605021, -0.178398, 0
-0.864758, -1.159626, -0.232834, 2.614426, 0
-1.489070, 0.177998, 3.117510, 0.129750, 0
-0.609508, 0.103338, 0.621906, 5.056035, 0
-1.830667, 1.218469, -2.171817, 2.232349, 0
-1.192185, -4.531400, 2.569565, 3.564368, 0
0.252552, -3.799257, 0.755704, 0.189945, 0
-1.567647, -1.586216, -1.120475, -1.323370, 0
-0.828566, 1.662879, 0.351731, -0.838432, 0
-2.002771, 1.441486, -2.807140, -0.621433, 0
-0.461842, 2.201381, 2.121293, 0.579108, 0
0.944444, -0.449935, -1.062195, -1.411893, 0
-3.794482, 0.113438, 1.433385, -0.979340, 0
-5.875612, 2.561160, 3.009668, 0.254543, 0
-0.438750, 0.755865, 1.528001, -0.249342, 0
0.484398, -0.894121, 3.579805, -0.471726, 0
-3.280612, 1.655517, 4.724265, -0.631350, 0
-2.151861, 0.111437, -0.835568, 1.331854, 0
3.758649, -0.495662, 0.114547, -0.168222, 0
1.150604, -1.644877, -2.588697, -0.851622, 0
-1.759469, 2.137445, 0.823205, -4.204696, 0
0.020411, 1.109264, 2.280109, -0.424871, 0
-1.008291, 4.692006, -1.687034, -0.146829, 0
-3.846254, -0.258264, 0.129812, -0.003885, 0
-0.408769, -2.152584, 1.855966, -1.143080, 0
-0.343351, -0.625422, 0.542432, 1.139661, 0
-1.289146, 0.019526, 1.081480, 2.887205, 0
0.332044, -0.608991, -1.436521, 3.362004, 0
-3.041957, -0.090303, 1.756554, -0.238569, 0
-0.153597, 3.007595, -3.380731, -0.621425, 0
2.958244, 0.855442, -2.782698, 0.215150, 0
-2.280284, 2.110856, -1.375892, 2.698897, 0
-1.049486, 0.085092, 1.212244, -1.794968, 0
1.626491, -0.305244, -0.990612, 0.978098, 0
1.182196, -1.305202, 0.067864, 0.622968, 0
0.308309, -3.718013, -0.922457, -1.021469, 0
-1.511305, -1.490141, -0.389544, -2.716563, 0
0.012968, -1.571436, -4.127410, -2.332392, 0
-1.709691, 5.457230, -4.307274, -0.229877, 0
1.623841, -4.108543, -1.748022, 3.012065, 0
1.012275, -1.958053, -0.829651, -0.402791, 0
3.251666, -1.181733, 1.500425, 3.843223, 0
2.003544, -0.332059, 5.436366, 0.581243, 0
-4.300870, -1.273746, 0.989270, -4.030557, 0
0.844312, -2.005648, -1.601928, -2.501776, 0
-2.715068, 0.016979, 3.250726, -2.735917, 0
-4.670582, -0.398052, 0.099373, 2.296493, 0
-0.789150, -0.986377, -1.325586, 0.012225, 0
