-0.364723, 0.869851, 0
0.367229, -0.635134, 0
-0.090019, -0.676120, 0
-0.589572, -0.328136, 0
0.426693, 0.351999, 0
-0.144244, -0.312569, 1
-0.066359, 0.630239, 1
-0.778974, -0.085862, 1
0.658062, 0.672462, 0
0.058267, 0.878017, 0
-0.669798, -0.463402, 1
-0.483511, -0.278151, 0
0.567849, 0.322896, 1
0.579871, -0.102003, 1
-0.745677, 0.062271, 1
0.424970, 0.671782, 1
0.105171, -0.574609, 1
-0.218154, -0.898939, 1
-0.348262, 0.773514, 1
-0.094607, -0.465734, 1
0.696958, 0.456017, 0
-0.544147, 0.552483, 1
-0.064392, -0.947295, 1
0.035070, -0.639278, 0
0.360114, 0.479728, 1
0.261291, 0.016142, 0
-0.049753, -0.128266, 0
-0.192986, 0.263242, 1
-0.004043, -0.429009, 1
0.159134, 0.677673, 1
0.269634, 0.182942, 0
0.535603, 0.679150, 0
-0.306096, -0.826111, 1
0.128706, -0.434510, 1
0.902120, 0.136543, 0
0.437230, 0.225235, 0
-0.226141, -0.043332, 0
0.380570, -0.094527, 0
-0.437940, 0.244137, 0
0.307878, -0.815629, 0
0.829789, -0.191922, 0
0.365390, -0.649728, 0
-0.784856, -0.218668, 1
-0.005973, 0.042692, 0
-0.265882, 0.957517, 0
-0.137696, 0.987671, 0
0.496500, 0.557134, 1
0.600327, -0.743934, 1
-0.086452, 0.831281, 1
-0.380853, 0.798969, 1
-0.764224, -0.612481, 1
-0.089649, -0.237245, 0
0.257330, 0.174550, 0
0.416518, 0.016435, 0
-0.494530, 0.858156, 0
-0.914105, -0.388295, 1
0.187717, -0.605445, 1
0.697091, 0.563970, 0
0.880119, 0.007791, 0
-0.836304, -0.496077, 1
-0.549979, -0.297970, 0
0.123377, 0.059140, 1
-0.116120, 0.182571, 1
0.768125, -0.015097, 0
0.483703, 0.101274, 0
-0.483219, 0.153439, 0
0.495838, -0.499242, 0
-0.375663, 0.424520, 0
-0.828520, -0.160456, 1
-0.049840, 0.519503, 0
0.361112, -0.281259, 1
0.900054, 0.432561, 0
0.825025, -0.379296, 0
0.218567, 0.792632, 1
0.324341, -0.715222, 0
0.079358, 0.121582, 1
-0.006308, 0.195961, 1
-0.149041, 0.513582, 0
-0.196136, -0.184843, 0
0.834384, -0.297513, 0
0.929730, 0.244007, 0
-0.375318, -0.754082, 1
0.414886, -0.270001, 1
0.376718, 0.213182, 0
-0.879684, 0.320720, 1
-0.312566, -0.599530, 0
0.697686, 0.665492, 0
0.452913, -0.214595, 1
0.834898, 0.263030, 0
0.172524, -0.900551, 1
0.426807, 0.348949, 0
0.143617, -0.525329, 1
-0.188541, -0.340806, 1
-0.721462, 0.369081, 1
0.552446, 0.287590, 1
0.414188, 0.046996, 0
0.005594, -0.426928, 1
0.038724, 0.839916, 1
-0.694555, -0.081122, 0
-0.560833, -0.299205, 0
0.183485, 0.426162, 0
0.200221, -0.025070, 1
-0.537057, -0.424749, 0
-0.226612, 0.679768, 1
0.069093, -0.997354, 1
-0.569408, -0.026053, 0
-0.208471, 0.708446, 1
-0.111554, 0.255097, 1
-0.660857, 0.282948, 1
0.087867, 0.976561, 0
-0.388003, 0.556290, 1
-0.787562, -0.328729, 1
-0.358671, -0.650138, 0
0.592813, 0.039735, 1
0.633878, -0.372720, 0
0.056095, 0.101286, 1
-0.036194, -0.159397, 0
0.022069, 0.641470, 1
-0.413528, 0.775914, 1
-0.660855, -0.182698, 0
-0.136457, 0.274121, 1
-0.988955, 0.000065, 1
-0.249295, -0.354788, 1
-0.848103, 0.366223, 1
-0.702463, 0.237138, 1
-0.550935, -0.594863, 0
-0.221517, 0.621345, 1
-0.190117, -0.500770, 1
-0.100293, -0.748871, 0
-0.345080, 0.285980, 0
-0.507520, 0.160344, 0
0.199845, -0.656518, 0
-0.467118, -0.609846, 0
0.490389, 0.669791, 0
-0.583221, 0.618103, 1
0.542333, -0.278976, 1
0.094500, 0.400402, 0
-0.681363, -0.009010, 0
-0.027682, 0.150395, 1
0.600621, 0.173108, 1
0.812133, 0.420834, 0
-0.784815, 0.441179, 1
0.520399, 0.086674, 1
-0.518471, -0.352764, 0
-0.123963, 0.576688, 0
0.571715, 0.473923, 1
-0.868464, 0.308274, 1
-0.405636, 0.640296, 1
0.515674, 0.467852, 1
-0.262091, 0.096309, 1
-0.561294, 0.596914, 1
-0.346548, 0.134086, 1
0.000412, 0.572981, 0
0.881175, 0.202323, 0
-0.368411, -0.253661, 1
-0.823228, 0.186087, 1
-0.394301, -0.869650, 1
-0.040230, -0.112446, 0
0.222224, 0.074742, 1
-0.319974, -0.159942, 1
0.779497, -0.141771, 0
-0.152554, 0.575342, 0
0.332838, 0.356030, 0
0.458757, 0.549319, 1
0.975573, -0.111610, 0
-0.010458, -0.630399, 0
0.417523, 0.723026, 0
-0.466830, -0.781788, 1
-0.146725, 0.857356, 1
-0.389710, 0.226616, 1
0.640443, -0.559081, 0
-0.111547, 0.179065, 1
0.333141, -0.514925, 1
0.513685, 0.382871, 1
0.542923, 0.116748, 1
0.048697, 0.781853, 1
0.452763, -0.105168, 0
-0.301689, -0.456430, 1
-0.291744, -0.774386, 0
-0.117328, 0.596665, 0
0.093645, 0.072985, 1
-0.329075, 0.061284, 1
-0.086948, 0.604249, 0
0.317742, 0.716968, 1
0.525471, 0.117015, 1
0.538434, 0.742647, 0
0.331251, -0.746303, 0
0.099426, 0.079198, 1
0.741605, 0.524544, 0
-0.695959, 0.115273, 0
0.242795, 0.288451, 0
0.693803, -0.297752, 0
-0.250206, 0.148039, 1
-0.370208, -0.006875, 1
0.267565, -0.542840, 1
0.018004, 0.764837, 1
0.214869, -0.432173, 1
0.007650, 0.204030, 1
-0.047647, -0.304401, 0
0.533410, 0.036596, 1
-0.351287, -0.922281, 1
0.522587, 0.351404, 1
-0.029746, 0.913644, 0
0.792727, 0.519568, 0
-0.205031, -0.892630, 1
0.705401, 0.608501, 0
-0.799414, 0.413691, 1
-0.817524, -0.362204, 1
0.752306, 0.519288, 0
0.071816, -0.939244, 1
0.779407, 0.213764, 0
-0.240962, -0.751138, 0
-0.451103, -0.502357, 0
-0.713583, -0.157001, 0
0.736996, 0.455261, 0
0.222660, 0.036704, 1
-0.280549, 0.808910, 1
0.310971, -0.897426, 1
-0.140242, 0.960186, 0
0.500194, -0.637915, 0
0.553812, -0.465804, 0
0.823084, 0.433306, 0
0.282303, -0.799194, 0
0.834550, 0.001946, 0
0.418892, 0.875644, 0
0.140800, -0.189407, 0
-0.536216, -0.160379, 0
0.017479, -0.205379, 0
-0.565498, 0.150082, 0
0.206066, -0.184910, 0
0.210348, 0.830215, 0
-0.586597, -0.050629, 0
-0.770338, 0.289565, 1
0.261687, 0.070180, 0
0.237421, -0.586001, 1
0.819679, 0.552199, 0
0.573196, 0.812573, 0
-0.493181, 0.701832, 1
-0.535235, -0.282232, 0
0.826375, -0.299368, 0
-0.294598, -0.249830, 1
-0.483358, -0.508319, 0
-0.112307, 0.354112, 1
-0.203697, -0.038186, 0
0.001063, -0.652735, 0
-0.463712, 0.095430, 1
-0.752785, -0.133113, 1
0.850403, -0.299288, 0
0.562297, -0.525905, 0
-0.240504, -0.265079, 1
-0.483857, -0.097735, 1
0.350490, 0.226987, 0
-0.905771, -0.214222, 1
0.398699, 0.857394, 0
0.082717, -0.947820, 1
0.873369, 0.220968, 0
0.617015, -0.358909, 0
0.123410, 0.073676, 1
0.166578, 0.126516, 1
0.819281, 0.089285, 0
0.033494, -0.614522, 1
-0.235043, -0.552569, 0
-0.241421, 0.046319, 1
0.112190, -0.820946, 0
0.081067, -0.149348, 0
-0.253373, 0.536690, 0
0.423529, 0.299162, 0
-0.599903, 0.092514, 0
0.815153, -0.009113, 0
0.225987, 0.540750, 0
-0.731350, 0.182712, 1
-0.685737, -0.280267, 0
0.199980, 0.860491, 0
-0.666995, -0.447787, 1
-0.506130, 0.143777, 0
-0.848722, -0.525546, 1
-0.175339, -0.103316, 0
-0.876497, 0.323675, 1
-0.409448, 0.852065, 0
0.340981, -0.052824, 0
-0.191789, -0.409363, 1
0.687224, 0.134150, 1
0.335743, 0.177526, 0
0.289816, -0.358407, 1
0.607819, 0.378807, 1
-0.417903, 0.822923, 0
0.511198, -0.601036, 0
-0.308776, -0.442869, 1
0.568746, 0.089783, 1
-0.192360, 0.073950, 0
-0.184217, 0.684431, 1
0.265992, 0.729619, 1
0.594182, 0.743963, 0
-0.342485, -0.199187, 1
0.890651, 0.263702, 0
-0.558718, 0.476542, 1
0.168231, -0.530500, 1
-0.140034, 0.669029, 1
0.361912, -0.175894, 0
0.230121, 0.484801, 0
0.554314, -0.457360, 0
0.104285, 0.279584, 1
-0.322483, 0.498603, 0
-0.042202, -0.895246, 1
-0.464424, -0.411430, 0
0.433166, -0.095283, 0
-0.161028, -0.957163, 1
0.759901, -0.512132, 0
0.035913, 0.392137, 0
0.246746, 0.916097, 0
0.379978, -0.891408, 1
0.479070, 0.030674, 0
0.246654, -0.059829, 0
-0.786390, -0.141648, 1
0.240354, -0.112250, 0
-0.342884, -0.489262, 0
-0.910391, 0.219420, 1
-0.270230, -0.196049, 1
-0.549366, -0.357666, 0
0.870289, 0.113262, 0
-0.441953, -0.893028, 1
0.079212, -0.284316, 0
0.581494, -0.608649, 0
0.658756, -0.704836, 1
0.864602, 0.082197, 0
0.886013, -0.043908, 0
0.852175, -0.121608, 0
0.098630, 0.603880, 0
-0.549726, -0.653525, 1
-0.044436, -0.854879, 0
0.346565, -0.055331, 0
-0.753662, 0.423112, 1
0.508360, 0.202903, 1
0.528431, 0.685232, 0
0.067313, 0.283827, 1
-0.591355, -0.380902, 0
0.575793, -0.437062, 0
-0.833902, 0.304398, 1
-0.491966, 0.439088, 0
-0.442463, 0.783352, 1
-0.696388, 0.315048, 1
0.480739, -0.610305, 0
-0.507738, -0.193857, 0
0.176765, 0.534733, 0
0.579110, 0.628826, 0
-0.041450, 0.058261, 0
-0.340445, 0.551240, 0
0.894056, 0.439967, 0
0.891711, -0.259406, 0
0.720047, 0.146017, 1
-0.826704, -0.360340, 1
0.365668, -0.791468, 0
-0.192546, -0.717073, 0
0.132207, -0.969048, 1
0.624649, 0.022326, 1
0.551906, -0.447638, 0
0.284580, 0.333069, 0
-0.112125, 0.244270, 1
0.089222, -0.339966, 0
0.540067, -0.582564, 0
0.682637, -0.468946, 0
0.207156, -0.122694, 0
0.411587, -0.514124, 1
-0.318809, 0.738954, 1
0.700107, 0.133455, 1
-0.244961, 0.157954, 1
-0.140917, -0.154637, 0
0.768473, -0.503059, 0
-0.640030, 0.672574, 1
-0.371559, -0.784600, 1
0.194896, 0.059024, 1
0.250510, 0.124937, 1
-0.420721, -0.800760, 1
0.155390, -0.292091, 0
-0.525747, 0.410905, 0
0.700600, 0.686926, 0
0.720336, 0.493212, 0
0.304694, 0.952096, 0
0.050819, -0.845236, 0
0.819414, -0.391501, 0
0.577344, 0.669372, 0
0.707497, 0.237254, 1
-0.271958, -0.592447, 0
0.060571, 0.705754, 1
-0.791239, 0.069671, 1
0.052388, -0.079291, 1
0.310467, 0.592472, 1
0.471674, 0.167044, 0
0.034646, -0.620544, 1
-0.577775, -0.680341, 1
0.005282, 0.421765, 0
0.473358, 0.171201, 0
-0.643474, 0.457315, 1
-0.044120, -0.385634, 1
0.922817, 0.281136, 0
-0.720271, -0.207842, 0
-0.560515, 0.301926, 0
-0.239343, -0.294152, 1
-0.332053, -0.118734, 1
-0.141487, 0.289147, 1
-0.180678, -0.533960, 1
0.129531, 0.370459, 0
-0.410545, 0.269660, 0
0.790875, 0.508399, 0
-0.186767, -0.319845, 1
-0.171199, -0.105044, 0
0.638542, -0.126485, 1
0.075409, -0.857322, 0
-0.901195, -0.198925, 1
-0.350976, -0.621435, 0
0.015215, -0.191691, 0
-0.779699, 0.456764, 1
0.692847, -0.041676, 1
0.519778, 0.526739, 1
-0.488521, -0.638562, 0
0.566586, -0.697563, 0
-0.726093, -0.521697, 1
0.453717, 0.796487, 0
-0.902947, -0.215618, 1
0.459932, -0.187665, 1
-0.271780, -0.916072, 1
-0.505919, 0.025602, 0
-0.890359, -0.226347, 1
-0.012721, 0.210720, 1
-0.239078, -0.937734, 1
0.498464, 0.086011, 0
-0.073984, -0.824274, 0
-0.440141, -0.554704, 0
-0.360661, -0.816748, 1
-0.674659, -0.729242, 1
0.403686, -0.317149, 1
-0.047027, -0.861750, 0
-0.258177, -0.752474, 0
0.175116, 0.282049, 0
-0.464469, 0.008751, 1
0.186195, 0.876329, 0
-0.216614, -0.207048, 0
-0.412886, 0.829325, 0
0.990876, -0.023725, 0
0.612273, 0.254183, 1
-0.270117, -0.148668, 1
-0.675882, 0.190183, 0
0.044618, -0.940899, 1
0.548520, -0.616799, 0
0.459251, -0.267143, 1
0.568298, 0.085809, 1
0.023445, 0.016242, 0
-0.068226, -0.370928, 1
-0.038770, -0.087149, 0
-0.743326, 0.182862, 1
0.247830, -0.622249, 0
0.573291, 0.327133, 1
0.155516, 0.931621, 0
-0.723950, 0.157866, 1
-0.394853, -0.282369, 1
0.602439, -0.068041, 1
0.286290, 0.134250, 0
-0.381348, -0.690192, 0
-0.333751, 0.560197, 0
-0.200654, 0.730736, 1
-0.011207, -0.895496, 1
0.593467, -0.625600, 0
0.201586, 0.345792, 0
0.383863, -0.902282, 1
-0.494310, -0.495752, 0
-0.177599, -0.217433, 0
-0.327133, 0.516252, 0
0.592589, -0.777700, 1
0.528190, 0.106687, 1
0.198434, -0.602211, 1
0.085122, -0.414471, 1
-0.903721, 0.132163, 1
0.744203, -0.313751, 0
-0.353631, -0.593938, 0
-0.551869, 0.239593, 0
0.163798, -0.233314, 0
-0.654814, -0.362196, 0
0.326954, -0.304718, 1
-0.777460, -0.017099, 1
-0.213094, 0.813028, 1
-0.002656, -0.636563, 0
-0.246402, 0.633967, 1
0.191431, -0.433830, 1
-0.315725, -0.821184, 1
0.858712, -0.212627, 0
-0.697110, -0.244378, 0
-0.874520, 0.409779, 0
-0.425630, 0.347804, 0
0.461931, 0.774555, 0
0.647680, 0.674790, 0
0.928166, -0.329543, 1
-0.427577, 0.232804, 0
0.499315, 0.115261, 0
-0.429800, -0.791136, 1
0.754998, -0.604929, 1
0.771310, -0.398367, 0
-0.450370, 0.552174, 1
0.600871, 0.426135, 1
0.822982, 0.310022, 0
0.567407, 0.683147, 0
0.695954, -0.140207, 1
-0.504937, -0.769297, 1
-0.554360, 0.471437, 1
-0.536002, 0.245588, 0
0.315904, -0.474585, 1
0.472836, 0.207408, 0
0.825065, -0.563081, 1
-0.147448, -0.438758, 1
-0.138332, -0.366448, 1
-0.359303, -0.558413, 0
0.581095, 0.695124, 0
-0.147369, 0.983935, 0
-0.218246, 0.876297, 0
0.025254, 0.797546, 1
0.799437, 0.052162, 0
0.065018, -0.360363, 0
-0.527232, -0.818005, 1
0.250913, -0.665801, 0
-0.133202, 0.804320, 1
-0.170659, 0.367674, 1
-0.655431, -0.630624, 1
-0.489584, -0.767394, 1
0.382795, 0.863138, 0
-0.380132, -0.335091, 1
-0.494245, -0.832590, 1
-0.538470, -0.345906, 0
0.604105, -0.001361, 1
0.582078, 0.083105, 1
0.688614, 0.505667, 0
0.028673, 0.611355, 0
-0.836811, -0.351093, 1
0.461173, -0.721465, 0
-0.052540, -0.843656, 0
-0.728568, -0.523445, 1
-0.050491, 0.225833, 1
0.781648, 0.055069, 0
0.618870, -0.091842, 1
0.292033, 0.785080, 1
0.389662, 0.481584, 1
0.282004, -0.621029, 0
-0.299030, -0.631553, 0
-0.098526, -0.791048, 0
0.559804, 0.030654, 1
0.050996, -0.371600, 0
-0.005187, 0.773206, 1
0.214150, -0.619417, 0
-0.127375, -0.096699, 0
0.174017, -0.531373, 1
0.541889, -0.767366, 1
-0.175171, 0.168100, 1
0.057139, 0.556782, 0
0.005824, 0.784427, 1
0.643586, 0.354615, 1
0.977423, 0.058616, 0
-0.074495, 0.068409, 0
0.661623, 0.005101, 1
0.885972, 0.263758, 0
-0.013602, 0.306281, 1
-0.399599, -0.559178, 0
-0.512670, 0.572153, 1
-0.495810, -0.277493, 0
0.805178, -0.251716, 0
-0.106596, 0.487451, 0
-0.345671, -0.216031, 1
-0.744575, -0.128614, 0
-0.281229, -0.161069, 1
0.680872, -0.253951, 0
0.618389, 0.764617, 0
0.664803, -0.367957, 0
-0.008299, -0.373098, 0
0.471194, -0.037597, 0
-0.012068, -0.377109, 1
0.557477, 0.527451, 1
-0.044489, 0.594388, 0
-0.936939, -0.338291, 1
0.341494, -0.386390, 1
-0.394093, -0.620388, 0
-0.577158, -0.313452, 0
-0.138120, 0.138667, 1
-0.424782, 0.725633, 1
0.836468, 0.359529, 0
0.417872, 0.714143, 1
0.859926, 0.177152, 0
0.900573, -0.271740, 0
-0.343506, -0.476988, 0
-0.379050, -0.614679, 0
0.071673, 0.872119, 0
-0.555712, -0.243549, 0
-0.678942, 0.713285, 0
-0.343999, -0.270099, 1
-0.991419, 0.006444, 1
0.693962, 0.343689, 1
0.538869, 0.081917, 1
-0.928669, 0.086013, 1
-0.288080, 0.764471, 1
0.107101, 0.284026, 1
-0.937597, -0.335522, 1
-0.005701, -0.080022, 1
0.679632, -0.106917, 1
0.878985, -0.458444, 1
0.411131, 0.780773, 0
-0.747972, -0.052455, 0
0.467725, 0.103097, 0
-0.481312, 0.544772, 1
0.320466, 0.149447, 0
-0.768657, -0.505417, 1
0.521047, 0.651502, 0
-0.383982, -0.893053, 1
-0.744486, -0.211798, 1
-0.349179, 0.917498, 0
-0.361464, 0.494904, 0
0.278159, 0.073831, 0
-0.075495, 0.904830, 0
0.379582, 0.834376, 0
0.964430, 0.186025, 0
0.066699, -0.121145, 1
-0.181265, 0.684172, 1
0.437853, -0.764822, 0
0.290747, -0.804880, 0
-0.014530, 0.224777, 1
-0.222251, 0.034538, 0
-0.577738, 0.285233, 0
-0.855926, 0.043408, 1
-0.002211, -0.044283, 1
0.445226, -0.710955, 0
0.505974, 0.412930, 1
-0.461061, 0.753735, 1
0.187044, -0.649435, 0
-0.773795, -0.360272, 1
-0.631728, -0.672422, 1
-0.080314, -0.387272, 1
0.473183, 0.817990, 0
0.821665, 0.498394, 0
0.618005, -0.521909, 0
-0.416158, 0.171384, 1
0.934296, 0.117211, 0
-0.284682, 0.802735, 1
-0.297619, -0.476985, 1
-0.616138, 0.286662, 0
-0.766180, -0.548402, 1
0.149501, -0.798031, 0
0.436182, -0.042059, 0
0.692945, -0.589217, 0
-0.051826, 0.589757, 0
-0.767322, 0.335966, 1
-0.217206, 0.551546, 0
0.455478, -0.183167, 1
0.573480, -0.646495, 0
-0.154414, -0.246078, 0
0.702057, -0.604962, 0
0.954732, 0.012869, 0
-0.157514, -0.052571, 0
-0.973040, -0.210677, 1
0.889967, -0.091697, 0
-0.122890, 0.145809, 1
-0.427883, -0.886552, 1
-0.294216, -0.451206, 1
-0.289653, -0.291159, 1
-0.008796, -0.809331, 0
0.086020, 0.156058, 1
-0.511895, -0.575592, 0
0.200705, 0.678819, 1
0.416449, -0.582256, 0
-0.552176, -0.150102, 0
-0.429808, 0.831073, 0
-0.501547, -0.558358, 0
-0.204114, 0.642180, 1
0.339401, 0.112429, 0
0.697624, -0.568608, 0
-0.696901, -0.350693, 0
0.702993, 0.677851, 0
0.191631, 0.514594, 0
0.681677, 0.698766, 0
-0.194537, -0.524934, 1
-0.139005, 0.759524, 1
0.807681, 0.180397, 0
-0.691611, 0.155117, 0
-0.013170, -0.096702, 1
-0.809746, 0.059934, 1
0.443927, -0.691080, 0
0.110058, 0.174889, 1
0.581939, 0.611344, 0
-0.083216, 0.489372, 0
0.451442, 0.813261, 0
-0.579400, -0.137392, 0
-0.128753, -0.687984, 0
-0.744067, 0.227534, 1
0.447537, -0.266988, 1
0.580726, 0.107808, 1
-0.756368, 0.246080, 1
-0.407799, 0.047406, 1
-0.101651, 0.453950, 0
-0.518609, -0.540760, 0
-0.202102, 0.501132, 0
0.022837, -0.664971, 0
-0.468948, 0.752902, 1
-0.942651, -0.032044, 1
0.863658, 0.477824, 0
0.093752, -0.741381, 0
0.733421, -0.535696, 0
0.109359, 0.759805, 1
-0.069028, -0.391523, 1
-0.842502, -0.324413, 1
-0.922406, 0.076915, 1
-0.676125, -0.380392, 0
-0.178849, 0.099396, 0
0.867148, -0.327628, 0
-0.816045, 0.564520, 0
0.393779, -0.334239, 1
0.100613, -0.625346, 1
-0.473982, 0.271494, 0
0.379334, -0.885736, 1
-0.770886, 0.383542, 1
0.816736, 0.241662, 0
-0.593864, 0.336499, 0
0.136388, -0.240463, 0
-0.264648, 0.572551, 0
0.888411, -0.337434, 0
0.003496, 0.482045, 0
0.014515, -0.703789, 0
0.488885, -0.189804, 1
0.818176, -0.485994, 0
-0.081427, -0.902019, 1
-0.340110, 0.737915, 1
0.021255, 0.732756, 1
0.865880, -0.459037, 1
-0.881499, 0.124710, 1
-0.519569, 0.454361, 0
-0.020551, 0.177419, 1
-0.130284, 0.881312, 0
0.951949, 0.289177, 0
-0.087813, -0.144570, 0
0.522373, -0.704093, 0
-0.651200, -0.027503, 0
-0.040694, 0.441256, 0
0.328041, 0.582748, 1
-0.846401, 0.436496, 1
0.352311, 0.359782, 0
-0.273176, -0.907036, 1
-0.932464, -0.314251, 1
0.343352, -0.680767, 0
-0.714127, -0.078465, 0
0.610907, 0.567356, 0
0.046096, 0.910268, 0
-0.042352, 0.666466, 1
0.475534, -0.168019, 1
-0.066952, -0.692533, 0
0.004576, 0.412501, 0
0.847234, 0.452400, 0
0.559140, -0.562758, 0
-0.343808, 0.030723, 1
-0.214937, -0.505762, 1
0.593213, -0.254384, 1
-0.698974, -0.023282, 0
-0.618998, 0.116182, 0
0.313883, 0.382974, 0
-0.565265, -0.180816, 0
0.824388, -0.089288, 0
0.265438, 0.342215, 0
0.986764, -0.008247, 0
0.607034, 0.338143, 1
-0.366400, -0.801257, 1
0.324851, -0.719641, 0
-0.692122, 0.090272, 0
-0.271662, 0.764222, 1
0.497528, -0.553020, 0
0.588161, -0.502099, 0
-0.353162, 0.089819, 1
-0.628062, -0.603741, 1
-0.709791, 0.196379, 1
0.828493, -0.518653, 1
0.741220, 0.248533, 0
0.207443, 0.708755, 1
-0.534438, -0.180669, 0
0.607442, 0.190757, 1
-0.432897, 0.127923, 1
-0.394007, 0.531756, 0
0.507100, -0.030625, 1
0.327887, 0.549644, 1
0.502326, -0.016928, 1
-0.738354, 0.051709, 0
-0.871549, -0.003732, 1
-0.095438, -0.326479, 0
-0.625284, -0.628158, 1
-0.574433, -0.618638, 1
0.817301, -0.226725, 0
-0.521716, -0.136530, 0
-0.867618, -0.130100, 1
-0.947173, 0.301027, 0
0.173722, 0.119459, 1
0.355531, -0.008906, 0
-0.788810, -0.517605, 1
-0.410264, -0.452188, 0
-0.557145, -0.354450, 0
-0.728563, -0.040661, 0
-0.251171, 0.647785, 1
0.548440, 0.655940, 0
-0.438292, -0.191875, 1
0.361360, 0.036091, 0
-0.914964, -0.372972, 1
0.274786, 0.403510, 0
0.063452, 0.127877, 1
0.511837, 0.720028, 0
-0.750057, 0.032883, 1
-0.245980, -0.047756, 0
-0.399043, -0.272413, 1
0.222541, -0.213047, 0
0.679031, 0.247571, 1
-0.279831, -0.376304, 1
-0.148604, -0.975272, 1
-0.530975, 0.794336, 0
-0.723017, -0.314537, 1
-0.788766, -0.457727, 1
-0.710497, -0.356976, 1
-0.338952, 0.019671, 1
0.350656, 0.747380, 1
0.075742, -0.176531, 0
-0.785177, 0.560258, 0
-0.463730, -0.241414, 1
0.220552, 0.264509, 0
0.659081, 0.076594, 1
-0.589433, 0.093147, 0
-0.211766, -0.698927, 0
0.170447, -0.529108, 1
-0.304748, -0.880959, 1
0.539723, -0.838441, 1
-0.000536, -0.272678, 0
-0.865064, -0.002673, 1
0.000926, -0.704240, 0
-0.790748, -0.018227, 1
-0.423885, 0.094295, 1
0.004495, 0.483540, 0
-0.635581, -0.455059, 0
0.639719, 0.316804, 1
0.626979, 0.485012, 1
-0.626242, -0.464893, 0
0.746513, 0.643658, 0
0.222564, -0.284580, 0
-0.341981, -0.725940, 0
-0.638007, -0.499675, 1
-0.580626, 0.379055, 0
0.863150, -0.134056, 0
-0.709735, 0.588062, 1
-0.188500, 0.428065, 0
0.042682, 0.954718, 0
0.072936, -0.657358, 0
-0.769030, 0.455798, 1
0.030114, -0.862299, 0
0.715693, 0.347781, 0
0.043955, -0.444464, 1
0.357415, -0.641437, 0
0.003169, 0.175194, 1
-0.303512, 0.025332, 1
0.532325, -0.278516, 1
0.128169, 0.305606, 1
0.149961, -0.425153, 1
-0.195233, 0.347816, 1
0.794017, 0.390522, 0
-0.816532, 0.025611, 1
0.059702, 0.776325, 1
-0.318226, -0.156653, 1
0.438619, -0.346276, 1
0.722969, 0.393238, 0
0.714143, 0.200818, 1
0.758491, -0.453321, 0
-0.109654, 0.905393, 0
-0.687039, 0.404575, 1
0.597588, 0.410886, 1
-0.520515, 0.105630, 0
-0.083297, -0.264809, 0
-0.389433, 0.137175, 1
-0.296235, -0.189722, 1
-0.543823, -0.412029, 0
-0.218562, 0.811883, 1
-0.563520, -0.268091, 0
0.173942, 0.006607, 1
-0.618702, -0.060022, 0
-0.608562, 0.137866, 0
0.080831, 0.383308, 0
0.290749, 0.379136, 0
-0.390761, 0.653374, 1
-0.220983, 0.649719, 1
-0.130746, -0.895704, 1
0.622877, -0.519115, 0
0.009147, -0.615883, 1
0.034668, 0.681900, 1
0.035481, 0.045011, 0
0.030418, -0.508841, 1
-0.173336, 0.526778, 0
-0.283930, 0.699768, 1
0.582289, -0.530907, 0
0.915153, -0.253104, 0
0.562930, -0.213349, 1
-0.749958, 0.041561, 1
-0.381424, 0.292905, 0
-0.563142, 0.205358, 0
-0.013404, -0.460351, 1
0.328589, -0.770640, 0
-0.446059, 0.304478, 0
0.402699, 0.678330, 1
-0.061391, 0.173004, 1
0.673455, -0.245189, 1
-0.223580, -0.087852, 0
-0.716495, 0.133695, 0
-0.550038, 0.162693, 0
0.549908, 0.553082, 1
0.456815, -0.161270, 1
-0.668544, 0.068286, 0
0.849129, 0.363733, 0
-0.446210, 0.531858, 1
0.252705, 0.255311, 0
0.649737, -0.589300, 0
0.017248, 0.834186, 1
-0.179777, -0.916240, 1
-0.557423, 0.754230, 0
-0.147286, -0.964644, 1
-0.321826, -0.631695, 0
-0.123220, -0.807231, 0
0.753732, 0.277849, 0
-0.055867, 0.893805, 0
0.330716, 0.838564, 0
0.271198, -0.600097, 1
0.917986, -0.064495, 0
0.291268, -0.817141, 0
-0.371920, 0.760526, 1
-0.543743, -0.798866, 1
-0.447884, 0.170401, 0
0.572293, -0.343115, 1
-0.067167, -0.037370, 0
-0.494347, -0.640772, 0
-0.105306, 0.578380, 0
0.602068, 0.045452, 1
0.116011, -0.900354, 1
0.288265, 0.356908, 0
-0.871501, 0.460736, 0
-0.214005, -0.426092, 1
0.363951, -0.183437, 0
-0.888661, -0.051300, 1
-0.611362, 0.044313, 0
0.801200, 0.203184, 0
0.290198, -0.470123, 1
-0.872544, 0.180229, 1
0.398469, -0.753445, 0
0.932015, -0.123491, 0
0.629145, 0.175720, 1
-0.804534, 0.066199, 1
-0.249796, 0.357183, 0
0.287773, 0.496006, 0
-0.016209, -0.743241, 0
-0.032016, -0.418641, 1
-0.353273, -0.281048, 1
0.267610, -0.388279, 1
0.504987, 0.830000, 0
-0.498266, -0.757963, 1
-0.596352, -0.364533, 0
0.746528, 0.167749, 1
-0.691934, 0.486147, 1
-0.204983, 0.938254, 0
-0.568778, 0.605622, 1
0.191838, 0.356460, 0
0.314595, -0.662347, 0
-0.104549, -0.735594, 0
0.351741, -0.179338, 0
-0.680131, -0.477045, 1
0.440651, -0.403553, 1
0.205199, 0.098939, 1
0.743889, -0.428275, 0
0.777643, 0.171532, 0
-0.909018, -0.410908, 1
-0.686482, -0.315654, 0
0.225300, -0.759905, 0
0.306695, -0.636089, 0
0.254698, 0.685493, 1
-0.007432, 0.791551, 1
-0.379382, -0.110085, 1
0.565984, -0.720041, 0
-0.808364, 0.449818, 1
-0.281237, 0.894045, 0
0.152162, -0.351534, 0
0.083426, -0.870046, 0
-0.028628, 0.029496, 0
0.078768, -0.439197, 1
0.654565, -0.014779, 1
-0.965512, 0.017397, 1
-0.176385, -0.522118, 1
0.591344, -0.085941, 1
-0.485859, 0.101921, 0
-0.317272, -0.637221, 0
0.278327, 0.570656, 1
0.888958, -0.235775, 0
0.340103, 0.127307, 0
0.115855, 0.370109, 0
-0.311390, 0.146803, 1
-0.770239, 0.381104, 1
0.693592, -0.512005, 0
-0.246174, -0.278324, 1
0.699991, 0.671378, 0
0.149698, -0.052704, 1
0.092568, 0.132156, 1
-0.740049, -0.276061, 1
0.606306, 0.437515, 1
-0.195468, -0.203836, 0
-0.100068, -0.909997, 1
-0.322916, 0.741872, 1
0.458663, 0.481694, 1
-0.536500, -0.516440, 0
0.677659, 0.098622, 1
0.806655, -0.377598, 0
0.324962, 0.543114, 1
0.020645, -0.830826, 0
-0.719070, -0.589780, 1
0.826422, -0.011836, 0
-0.190305, -0.222078, 0
-0.489414, 0.730777, 1
-0.840050, -0.321219, 1
-0.022556, 0.505426, 0
0.073325, -0.510619, 1
0.085132, 0.456161, 0
-0.237867, -0.511574, 1
0.808027, -0.548210, 1
-0.506687, -0.537543, 0
0.666023, 0.644630, 0
0.027196, 0.027314, 0
0.277032, -0.057207, 0
-0.062665, 0.142989, 0
-0.782351, -0.566063, 1
-0.342337, 0.233600, 1
-0.652641, 0.584539, 1
0.328218, -0.102333, 0
-0.872870, 0.337587, 1
-0.129141, 0.670805, 1
-0.962568, -0.193060, 1
0.391842, -0.392718, 1
-0.397402, 0.615158, 1
0.707984, -0.011865, 1
0.570174, -0.811169, 1
-0.276181, -0.759704, 0
-0.402471, -0.649420, 0
-0.579348, 0.284638, 0
-0.686729, -0.004052, 0
-0.980247, -0.085138, 1
-0.159684, 0.921186, 0
0.442396, 0.192514, 0
-0.467008, 0.380740, 0
-0.649438, -0.714621, 1
0.708414, -0.411199, 0
-0.227881, 0.963921, 0
0.399411, 0.602534, 1
-0.249336, -0.268586, 1
0.453958, -0.237313, 1
0.225771, -0.404156, 1
-0.420437, -0.755078, 1
0.305933, -0.547463, 1
0.770815, -0.530679, 0
-0.034898, 0.658758, 1
-0.267942, -0.770633, 0
-0.073192, 0.259082, 1
-0.459213, -0.561422, 0
0.290413, -0.357345, 1
0.042972, 0.003449, 1
0.847278, 0.517747, 0
-0.657664, -0.341762, 0
0.263114, 0.157628, 0
0.237321, 0.647717, 1
0.099079, 0.201240, 1
0.369253, -0.371755, 1
-0.302616, 0.834087, 1
-0.765168, 0.524541, 1
-0.033161, -0.166384, 0
0.167893, -0.172136, 0
-0.922993, -0.301665, 1
0.219556, 0.090339, 1
-0.290076, 0.038652, 1
0.052683, 0.858616, 1
0.608447, -0.648228, 0
0.558034, 0.427779, 1
-0.854780, 0.277244, 1
0.321737, 0.748463, 1
-0.654272, 0.364649, 1
0.128759, 0.838889, 1
-0.332927, 0.829960, 1
-0.534520, 0.508345, 1
-0.273241, 0.893188, 0
-0.847237, 0.236035, 1
0.429854, 0.538947, 1
-0.450556, -0.819011, 1
-0.156792, -0.554955, 1
0.347058, 0.818342, 0
-0.188828, 0.769354, 1
-0.335914, -0.499454, 0
-0.741543, -0.557658, 1
0.564499, -0.616606, 0
-0.373822, 0.105779, 1
-0.377898, 0.648261, 1
0.470706, -0.320759, 1
0.271142, -0.403803, 1
-0.398504, 0.917090, 0
0.691293, 0.052286, 1
0.780968, 0.124706, 0
-0.607419, 0.091945, 0
-0.325134, -0.149405, 1
-0.127565, -0.722058, 0
0.500196, -0.109613, 1
-0.920566, 0.191551, 1
0.290949, 0.091714, 0
-0.389435, -0.179162, 1
0.331650, 0.724774, 1
-0.641481, -0.172586, 0
0.465549, -0.353775, 1
-0.876061, 0.246973, 1
-0.306990, -0.502558, 0
0.498680, -0.256043, 1
-0.172388, -0.622711, 0
0.914828, -0.089287, 0
-0.124265, 0.075197, 0
-0.693528, -0.190048, 0
0.810273, 0.334546, 0
0.043562, -0.531363, 1
-0.883746, 0.021380, 1
0.968178, -0.023128, 0
0.759541, 0.646639, 0
-0.379816, 0.709647, 1
0.778080, 0.523953, 0
-0.012392, 0.545669, 0
-0.289624, -0.587054, 0
0.549977, 0.520870, 1
0.136894, -0.390071, 1
-0.334306, -0.882145, 1
0.184863, 0.829762, 1
-0.463615, 0.566382, 1
0.761164, -0.632939, 1
-0.084966, 0.566935, 0
0.687039, -0.000742, 1
0.294469, 0.540082, 1
-0.493293, -0.796297, 1
0.424522, -0.603808, 0
0.688159, -0.666389, 1
0.244837, 0.388786, 0
-0.101407, -0.206443, 0
0.050887, 0.477543, 0
-0.405868, -0.001537, 1
0.412424, 0.519552, 1
-0.126077, 0.845178, 1
0.475594, -0.207515, 1
0.066252, -0.340576, 0
-0.228631, -0.262917, 1
-0.886218, 0.258547, 1
-0.377099, 0.520639, 0
0.507336, -0.308103, 1
-0.637112, -0.344638, 0
0.339832, 0.897043, 0
-0.313721, -0.490589, 0
0.599012, -0.108238, 1
0.645842, -0.731919, 1
0.511574, 0.523569, 1
0.404940, -0.041466, 0
-0.255625, 0.706360, 1
-0.089993, 0.994230, 0
-0.778083, 0.189651, 1
-0.759646, -0.282061, 1
0.646053, 0.674552, 0
0.758729, -0.271751, 0
-0.124170, -0.636184, 0
-0.497074, 0.722371, 1
-0.884188, 0.275338, 1
-0.948380, 0.242600, 1
-0.407339, -0.721584, 0
-0.121580, -0.152808, 0
-0.601379, -0.659865, 1
0.032705, -0.090251, 1
0.545075, -0.140701, 1
0.209529, 0.489045, 0
0.657595, 0.224859, 1
-0.683459, -0.262870, 0
0.495773, 0.222724, 1
-0.175636, 0.179838, 1
-0.221533, -0.765005, 0
0.540911, -0.234568, 1
0.529599, 0.771282, 0
-0.229535, 0.615736, 1
0.692575, 0.686330, 0
-0.729539, -0.451740, 1
-0.004430, 0.696493, 1
-0.069405, -0.331222, 0
0.546897, 0.153092, 1
0.074015, -0.479676, 1
0.375595, 0.074187, 0
-0.526545, -0.052150, 0
-0.922824, -0.330321, 1
-0.194314, 0.456864, 0
0.173198, 0.712067, 1
0.489404, -0.039069, 0
0.270588, 0.075263, 0
0.127201, -0.494484, 1
-0.524972, -0.608525, 0
0.828674, -0.239275, 0
-0.117026, -0.206020, 0
-0.736763, -0.159426, 0
0.513871, -0.725643, 0
-0.666572, 0.251154, 0
-0.982872, 0.107778, 1
0.709873, -0.586499, 0
-0.643396, 0.256608, 0
0.166931, -0.471809, 1
-0.871942, -0.479327, 1
0.271613, -0.652555, 0
-0.096017, -0.595277, 1
-0.137781, 0.588553, 0
-0.928998, -0.247664, 1
0.212616, 0.597701, 1
-0.048449, -0.862224, 0
0.748109, -0.190579, 0
0.252934, 0.255440, 0
0.383236, 0.651573, 1
-0.122410, -0.958050, 1
-0.432120, -0.384062, 0
0.091569, -0.785937, 0
0.457004, 0.242878, 0
0.110070, 0.073210, 1
0.304307, -0.142848, 0
-0.259316, -0.325893, 1
0.692755, -0.307056, 0
0.178757, 0.935989, 0
-0.008352, 0.909667, 0
-0.463915, 0.180293, 0
0.120035, 0.760539, 1
0.554200, 0.073575, 1
-0.275491, -0.499873, 1
-0.329900, -0.257010, 1
-0.337465, 0.441584, 0
0.275665, 0.031064, 0
-0.955040, 0.189504, 1
-0.880177, -0.051664, 1
-0.499958, 0.547923, 1
0.196716, -0.305254, 0
-0.784889, 0.591067, 0
-0.714803, -0.555819, 1
-0.409106, -0.858596, 1
-0.057721, 0.676301, 1
-0.676893, -0.417842, 1
0.445128, -0.760696, 0
0.841147, 0.209146, 0
0.223085, -0.637545, 0
-0.399241, 0.831694, 0
-0.278949, -0.562909, 0
0.744327, 0.468017, 0
0.416297, -0.732491, 0
-0.399861, 0.486626, 0
0.136985, 0.635922, 1
-0.131721, 0.124042, 0
-0.751874, 0.360770, 1
0.035474, -0.713470, 0
-0.802245, 0.132561, 1
-0.229325, -0.175764, 0
0.095141, 0.552762, 0
0.635091, 0.531092, 0
-0.038440, 0.352136, 1
0.598602, 0.002944, 1
0.139004, 0.741354, 1
-0.395552, -0.530612, 0
0.281206, 0.466756, 0
-0.170828, -0.634308, 0
0.028475, 0.917176, 0
-0.902210, 0.240520, 1
0.439702, -0.392682, 1
-0.230600, -0.847326, 1
0.691453, -0.363053, 0
0.633815, -0.706630, 1
-0.846184, -0.382529, 1
0.892068, -0.016329, 0
-0.038122, 0.799322, 1
0.122126, -0.470802, 1
0.852672, 0.176370, 0
-0.732920, 0.232972, 1
-0.291391, 0.548222, 0
0.366789, -0.782668, 0
0.332554, -0.327681, 1
0.862969, -0.103486, 0
0.506668, 0.161895, 1
0.428921, 0.899543, 0
0.945096, -0.143940, 0
-0.536041, -0.385864, 0
-0.340156, 0.442143, 0
-0.932185, -0.267849, 1
0.188972, -0.945009, 1
0.392640, 0.823090, 0
0.508847, 0.210474, 1
0.606559, -0.177257, 1
0.327368, -0.058495, 0
0.328298, 0.823123, 0
-0.103206, -0.734479, 0
-0.919779, 0.098342, 1
-0.901868, 0.177148, 1
0.209325, 0.430605, 0
0.571943, 0.668471, 0
0.352047, 0.695960, 1
-0.372266, 0.287329, 0
-0.777317, -0.597719, 1
0.195056, -0.357277, 0
-0.608024, -0.753347, 1
-0.958585, 0.205022, 1
-0.660597, 0.740740, 0
0.786634, 0.509504, 0
0.305874, 0.923470, 0
-0.206463, -0.607235, 0
0.015566, 0.754609, 1
0.009761, 0.574449, 0
-0.223452, 0.736529, 1
0.007837, 0.138321, 1
0.432055, -0.901781, 1
0.134685, 0.359754, 0
0.632379, -0.068016, 1
-0.185940, -0.640749, 0
0.341381, 0.314745, 0
-0.354759, 0.769913, 1
0.439311, 0.168520, 0
0.241084, -0.662398, 0
-0.415225, 0.389737, 0
-0.410230, -0.806638, 1
-0.182569, -0.516720, 1
0.194255, -0.734426, 0
0.796281, 0.431657, 0
0.171248, -0.332305, 0
-0.511331, 0.756941, 1
0.425876, 0.295988, 0
0.312791, -0.594444, 0
-0.226099, -0.226263, 1
-0.057423, 0.602676, 0
-0.360374, 0.264282, 1
-0.366229, 0.668360, 1
-0.643347, 0.137280, 0
-0.514280, 0.172003, 0
0.303022, -0.509751, 1
-0.605367, 0.691770, 1
0.191269, -0.743717, 0
-0.554514, 0.477739, 1
0.023875, -0.304455, 0
0.696167, 0.232376, 1
-0.402104, 0.012935, 1
-0.359373, -0.102921, 1
0.292159, 0.690419, 1
0.481804, 0.456647, 1
0.068291, -0.815449, 0
-0.109789, 0.072772, 0
-0.644657, -0.050778, 0
-0.118686, -0.252432, 0
0.757423, -0.102575, 0
0.911963, -0.312247, 0
-0.347577, 0.790480, 1
0.735375, -0.476291, 0
-0.721201, 0.581530, 1
0.157442, 0.794665, 1
-0.416261, 0.817489, 0
-0.545596, -0.171274, 0
0.470819, 0.031067, 0
-0.456035, 0.647454, 1
-0.213932, 0.748821, 1
-0.183960, -0.456813, 1
-0.585720, 0.321623, 0
-0.097704, -0.362102, 1
-0.920047, 0.387363, 0
-0.237124, -0.623199, 0
0.557666, 0.107290, 1
0.373369, -0.435619, 1
0.237067, -0.683495, 0
0.433792, -0.885815, 1
0.719054, -0.124855, 1
-0.032103, -0.075612, 1
0.208222, 0.500468, 0
-0.383706, 0.843726, 0
0.262656, -0.705156, 0
-0.925982, -0.289792, 1
-0.007934, -0.692884, 0
-0.124037, -0.616552, 0
0.612307, 0.356813, 1
0.504590, 0.612756, 1
-0.332678, 0.231799, 1
0.037181, -0.920819, 1
0.354584, 0.005058, 0
0.351633, -0.622866, 0
0.798257, 0.600836, 0
-0.738914, -0.189834, 0
-0.210599, -0.109338, 0
-0.680498, -0.257802, 0
-0.363061, -0.189296, 1
0.672067, 0.571724, 0
-0.839188, -0.386036, 1
-0.253711, -0.365356, 1
-0.006650, -0.073769, 1
-0.377706, -0.587933, 0
-0.552392, -0.296706, 0
0.337412, -0.338120, 1
0.958713, -0.180939, 0
0.880743, -0.215683, 0
-0.248991, -0.904263, 1
0.723153, 0.537973, 0
-0.177687, -0.874741, 1
0.194812, 0.554843, 0
-0.040620, 0.310635, 1
0.778315, 0.501051, 0
-0.770981, -0.141954, 1
0.491415, -0.547140, 0
-0.390931, -0.393005, 1
0.172519, -0.475205, 1
-0.376983, -0.331612, 1
0.177293, 0.228527, 1
0.704202, -0.079627, 1
-0.501120, -0.095786, 1
-0.325195, 0.458739, 0
-0.049808, 0.659249, 1
-0.288397, -0.886459, 1
0.687723, 0.052533, 1
0.635200, 0.379983, 1
0.278906, -0.098287, 0
-0.293601, 0.717474, 1
0.733678, -0.583663, 0
0.110011, -0.910266, 1
-0.941162, 0.028425, 1
0.336281, 0.433825, 0
-0.555337, -0.294159, 0
0.310345, -0.209401, 0
-0.507266, 0.369831, 0
0.377967, -0.219350, 0
0.684839, 0.294800, 1
-0.019719, 0.631774, 1
-0.735934, -0.666608, 1
0.808950, -0.049240, 0
-0.453766, -0.793732, 1
0.577272, 0.271111, 1
0.236875, 0.679040, 1
0.893721, 0.277488, 0
-0.043777, 0.842644, 1
0.601930, 0.090053, 1
0.315737, 0.654202, 1
-0.901310, 0.366462, 0
-0.576201, -0.382810, 0
-0.457136, 0.705142, 1
0.791398, 0.352718, 0
0.161209, -0.043215, 1
-0.289232, -0.650339, 0
0.536089, 0.494110, 1
-0.604935, 0.628951, 1
0.258139, 0.965779, 0
-0.521828, -0.291110, 0
0.198112, 0.139728, 1
0.548508, -0.128437, 1
-0.250686, 0.744746, 1
-0.521862, 0.776752, 0
0.618027, 0.311925, 1
0.273636, -0.941860, 1
0.085662, -0.161960, 0
-0.585941, 0.728889, 0
0.005280, 0.334927, 1
-0.796649, -0.207875, 1
-0.369146, 0.219486, 1
-0.520542, -0.470805, 0
-0.115412, -0.938310, 1
0.429761, -0.706678, 0
0.358376, 0.093523, 0
-0.431795, -0.177208, 1
-0.714183, 0.187736, 1
-0.351713, -0.339953, 1
-0.043499, -0.938068, 1
0.211788, 0.060742, 1
0.955617, -0.258567, 1
0.603969, -0.677614, 0
-0.004217, 0.020113, 0
0.434208, -0.205098, 1
-0.048530, 0.276612, 1
-0.313932, -0.453445, 1
-0.150908, -0.868365, 1
0.429266, -0.029694, 0
-0.143709, 0.085416, 0
-0.029664, 0.337025, 1
0.106533, -0.271052, 0
-0.078994, -0.137117, 0
-0.721678, 0.655735, 0
0.193542, 0.435320, 0
-0.315174, -0.315478, 1
0.061656, -0.957632, 1
0.083484, -0.125795, 1
-0.540381, -0.345097, 0
-0.709302, 0.606041, 1
-0.158621, 0.926657, 0
-0.465168, -0.206422, 1
0.075406, 0.920643, 0
-0.220651, -0.386514, 1
0.510115, -0.144219, 1
-0.150273, -0.642735, 0
0.325460, -0.011813, 0
-0.386656, 0.041834, 1
0.211820, 0.491203, 0
0.100577, -0.627316, 1
0.454988, 0.852230, 0
-0.306383, 0.053550, 1
-0.104503, -0.320743, 0
0.345318, 0.502155, 1
-0.067537, 0.564963, 0
-0.992285, -0.018939, 1
0.737669, -0.055016, 1
0.560933, -0.342777, 1
-0.433461, 0.703682, 1
0.182893, 0.436061, 0
0.043537, 0.412916, 0
-0.563740, -0.439028, 0
-0.131335, -0.251079, 0
-0.931157, 0.054050, 1
0.466159, -0.315479, 1
-0.223766, -0.646548, 0
0.054549, 0.018268, 1
-0.130073, 0.950189, 0
-0.637394, 0.488830, 1
-0.428265, -0.086026, 1
0.824976, 0.094567, 0
0.086291, -0.434418, 1
-0.119972, -0.083216, 0
-0.493151, 0.220967, 0
0.256004, 0.340197, 0
0.524794, -0.711675, 0
0.598396, 0.364332, 1
-0.209296, 0.190495, 1
0.098237, 0.205772, 1
0.415389, -0.836658, 1
0.725976, 0.673741, 0
-0.126200, -0.409642, 1
0.388019, -0.275632, 1
-0.683992, 0.470785, 1
-0.226688, 0.697933, 1
-0.745359, 0.150356, 1
0.573769, 0.250692, 1
-0.157387, 0.325978, 1
0.050812, 0.089492, 1
0.609375, 0.617304, 0
-0.397670, 0.083945, 1
0.482544, -0.468554, 1
-0.097388, -0.633900, 0
0.672344, 0.354014, 1
-0.207928, -0.797068, 0
-0.020091, -0.909040, 1
-0.127182, 0.041319, 0
-0.441000, 0.725118, 1
0.361544, -0.479323, 1
0.227554, 0.100119, 1
0.302333, -0.386279, 1
-0.461032, -0.835743, 1
0.690447, 0.695075, 0
-0.965708, -0.081870, 1
0.032336, -0.685069, 0
0.581011, 0.671970, 0
-0.260331, -0.094239, 0
-0.639266, 0.696530, 0
-0.453598, -0.184000, 1
0.137597, 0.769348, 1
-0.714863, -0.363715, 1
-0.051959, -0.681507, 0
0.385848, -0.467031, 1
0.579440, -0.671570, 0
-0.451477, 0.218310, 0
-0.591891, 0.048266, 0
-0.728643, 0.253461, 1
0.690113, 0.666234, 0
-0.161389, 0.919725, 0
0.616210, -0.161048, 1
0.686397, 0.248584, 1
0.127157, -0.076626, 1
0.207683, 0.524326, 0
-0.653517, -0.039714, 0
-0.589090, -0.535589, 0
0.268317, 0.840706, 0
-0.888330, 0.427087, 0
-0.490472, 0.795693, 0
-0.472247, 0.125921, 0
-0.538782, -0.470078, 0
0.026597, 0.029000, 0
-0.049758, -0.949484, 1
0.100100, -0.474522, 1
0.462730, -0.610947, 0
0.398809, 0.834297, 0
0.550070, -0.496379, 0
0.165868, -0.655909, 0
-0.529407, 0.292698, 0
-0.812735, -0.429960, 1
-0.390157, 0.086427, 1
-0.125167, -0.358801, 1
0.160196, 0.781124, 1
0.039702, 0.314282, 1
0.413205, 0.043622, 0
-0.366920, 0.503439, 0
-0.581371, -0.350194, 0
0.884532, -0.462434, 1
-0.161349, -0.982937, 1
0.078796, 0.421087, 0
0.371953, -0.483049, 1
-0.554204, -0.655180, 1
-0.511663, -0.157150, 0
-0.121848, 0.340491, 1
-0.673649, -0.001111, 0
-0.141124, -0.034161, 0
0.802639, -0.133885, 0
0.127307, -0.981555, 1
0.113582, -0.662958, 0
0.565517, 0.485233, 1
0.432322, 0.743952, 0
0.569171, 0.235114, 1
-0.252548, -0.160639, 1
0.144931, 0.501707, 0
-0.168486, 0.802219, 1
-0.115443, -0.848418, 0
0.260910, -0.235965, 0
0.581706, -0.297548, 1
0.508522, 0.196533, 1
-0.757814, -0.559468, 1
-0.783641, -0.131223, 1
0.470701, -0.863669, 1
-0.699300, -0.622952, 1
-0.939157, -0.171696, 1
0.309532, -0.715749, 0
-0.575013, -0.439687, 0
-0.699091, -0.090316, 0
0.282952, 0.713359, 1
-0.460946, -0.702758, 1
-0.533889, -0.696635, 1
-0.333670, 0.471707, 0
-0.709358, -0.437011, 1
-0.682290, 0.428044, 1
-0.164635, 0.068099, 0
0.330347, -0.304053, 1
0.327807, -0.335291, 1
-0.389443, 0.434243, 0
-0.692124, -0.323932, 0
0.324194, 0.597707, 1
-0.847890, 0.390196, 1
0.142680, -0.180544, 0
0.220009, -0.828295, 0
0.055652, -0.414439, 1
-0.141881, 0.839629, 1
-0.559569, -0.770263, 1
0.499528, -0.363128, 1
0.384925, 0.297559, 0
0.075280, 0.666804, 1
0.915883, 0.177414, 0
0.840862, 0.367512, 0
0.754828, -0.254099, 0
0.090449, 0.580917, 0
0.132977, -0.844644, 0
-0.659515, 0.696316, 0
0.012880, -0.685247, 0
0.821324, 0.251600, 0
0.453520, -0.885675, 1
-0.587432, 0.659607, 1
0.194233, 0.094219, 1
-0.458115, 0.160139, 0
0.817159, 0.004840, 0
-0.211031, 0.373227, 0
0.275235, 0.135935, 0
-0.934594, -0.013807, 1
-0.303573, -0.360189, 1
0.006472, 0.891431, 0
-0.469277, -0.156953, 1
0.472377, 0.798835, 0
0.747429, -0.507799, 0
0.697680, 0.002356, 1
-0.731979, 0.361341, 1
-0.940858, -0.039784, 1
-0.504201, -0.110838, 1
0.055824, 0.764908, 1
0.351264, 0.064243, 0
-0.708068, -0.349113, 1
-0.364675, -0.115002, 1
-0.821702, 0.346311, 1
-0.685310, 0.301163, 1
0.266456, 0.406227, 0
0.114307, -0.591243, 1
0.055827, -0.714916, 0
0.306244, 0.445120, 0
0.562129, -0.804032, 1
-0.084326, -0.074751, 0
-0.111837, 0.505120, 0
0.137080, 0.689470, 1
0.393320, 0.376147, 0
0.136581, 0.757631, 1
-0.770221, -0.360937, 1
-0.321902, 0.248343, 1
-0.248433, -0.815764, 1
0.363013, -0.221502, 0
0.527075, -0.407104, 1
0.568573, 0.112216, 1
0.216329, -0.312349, 0
0.241972, -0.004683, 1
0.237803, -0.827199, 0
0.495992, -0.263463, 1
-0.160862, 0.926218, 0
0.828385, 0.126797, 0
0.733535, -0.330279, 0
0.508124, -0.839687, 1
-0.101094, -0.205438, 0
0.340954, 0.247775, 0
0.919710, -0.283724, 0
-0.662996, -0.074968, 0
0.468825, -0.841089, 1
-0.346933, 0.758222, 1
0.437585, -0.083880, 0
-0.478380, 0.639861, 1
0.908945, 0.133999, 0
-0.310007, -0.512875, 0
-0.771155, 0.374754, 1
0.439723, 0.193360, 0
-0.693760, 0.243965, 1
-0.474378, 0.186902, 0
0.215611, -0.162697, 0
-0.315607, -0.846209, 1
-0.790066, -0.374153, 1
0.826832, 0.324603, 0
-0.775848, -0.174574, 1
0.145747, -0.807923, 0
-0.832087, -0.347981, 1
-0.562935, 0.177777, 0
0.853355, 0.449131, 0
0.127527, -0.623566, 1
-0.288803, -0.525107, 0
0.583277, -0.389616, 1
0.029063, -0.185563, 0
0.650979, 0.628584, 0
-0.892423, 0.070408, 1
-0.795094, 0.258390, 1
0.437263, -0.688689, 0
-0.303313, -0.246286, 1
0.674852, -0.279236, 0
0.002180, 0.793315, 1
0.055794, 0.643420, 1
-0.472312, 0.665057, 1
0.670040, -0.137612, 1
0.023960, -0.302595, 0
-0.526818, -0.313414, 0
0.448540, 0.854114, 0
0.055300, 0.894891, 0
0.554844, 0.246298, 1
-0.624491, 0.762448, 0
0.462917, 0.800613, 0
0.663057, -0.634457, 0
0.782731, 0.493487, 0
0.248034, -0.011549, 0
-0.617894, 0.609915, 1
0.326644, -0.367969, 1
0.684739, -0.316856, 0
-0.616928, -0.710411, 1
0.215259, 0.912608, 0
-0.116388, 0.944110, 0
-0.188531, -0.821020, 0
0.804428, -0.205124, 0
-0.374109, 0.673766, 1
0.078718, -0.117792, 1
0.172076, -0.338690, 0
-0.954096, 0.058465, 1
0.498919, -0.822102, 1
-0.375544, 0.163973, 1
0.219967, 0.366245, 0
-0.755786, 0.448330, 1
0.539051, -0.828770, 1
-0.075051, -0.929117, 1
0.630003, 0.384355, 1
0.104215, 0.710635, 1
-0.006090, 0.033174, 0
-0.626336, 0.478848, 1
-0.711723, 0.089299, 0
0.236488, 0.832365, 0
0.095848, -0.384257, 1
0.301026, 0.908167, 0
0.903884, 0.323643, 0
-0.504902, 0.666473, 1
-0.124926, 0.436673, 0
0.013123, -0.338404, 0
-0.033387, -0.249664, 0
0.238592, 0.608215, 1
0.313802, 0.180282, 0
-0.526558, -0.653921, 1
-0.586591, -0.121146, 0
0.157623, 0.040071, 1
0.342415, -0.046516, 0
-0.431345, -0.728657, 1
0.159747, -0.267710, 0
-0.690100, -0.510769, 1
0.438515, 0.312306, 0
0.040232, 0.116871, 1
-0.565688, 0.379439, 0
-0.206796, 0.257429, 1
0.096606, -0.414806, 1
0.416496, 0.645549, 1
-0.604708, 0.340383, 0
-0.668852, 0.406714, 1
-0.350665, 0.465518, 0
0.154549, -0.116582, 1
0.792916, 0.389007, 0
0.387438, 0.382427, 0
0.475825, 0.214722, 0
-0.058724, 0.945441, 0
-0.778456, -0.568143, 1
0.098194, -0.278533, 0
-0.293622, 0.413948, 0
0.427357, 0.566003, 1
0.564555, -0.425421, 0
0.004445, 0.899414, 0
0.181123, -0.237209, 0
-0.283585, 0.373774, 0
-0.418954, -0.048074, 1
-0.306947, -0.176696, 1
0.376364, 0.350769, 0
-0.121099, 0.521036, 0
0.114557, -0.125882, 1
-0.694720, -0.272357, 0
0.355009, 0.273816, 0
-0.756194, -0.408980, 1
0.874860, 0.451166, 0
0.718574, 0.646249, 0
-0.222541, 0.900978, 0
-0.559999, -0.281106, 0
-0.641390, 0.400030, 1
0.904878, -0.142193, 0
-0.133197, -0.964482, 1
0.931100, 0.023031, 0
-0.696790, 0.439826, 1
-0.393439, -0.236769, 1
0.559014, -0.480390, 0
-0.093478, -0.677021, 0
-0.355291, -0.069860, 1
0.057513, 0.021716, 1
0.725866, 0.147330, 1
-0.531548, 0.364121, 0
-0.666662, -0.315043, 0
-0.698802, 0.523342, 1
0.099534, 0.207836, 1
0.135008, 0.383064, 0
0.634216, -0.524951, 0
0.408225, 0.592118, 1
-0.795892, 0.444680, 1
-0.084411, 0.952420, 0
-0.703601, -0.406883, 1
0.013925, -0.914348, 1
-0.724067, -0.216019, 0
0.308806, 0.779707, 1
0.154955, -0.861266, 0
-0.807834, -0.269604, 1
-0.205819, -0.975079, 1
0.007857, 0.729063, 1
0.917711, -0.150211, 0
0.130189, 0.903704, 0
0.408184, -0.046663, 0
0.074537, 0.179391, 1
-0.607766, 0.634845, 1
-0.360695, 0.908580, 0
0.757023, 0.415735, 0
0.309081, -0.368961, 1
-0.297790, -0.250706, 1
0.316817, 0.651876, 1
0.096863, -0.215358, 0
0.341566, -0.895137, 1
0.938911, 0.047831, 0
0.665419, -0.430747, 0
0.305176, 0.052202, 0
-0.464706, 0.020302, 1
0.201703, -0.430171, 1
-0.395012, 0.728714, 1
-0.590465, 0.019275, 0
-0.475881, 0.788464, 0
0.385382, 0.622171, 1
0.556262, 0.218599, 1
0.155764, -0.816993, 0
0.438320, -0.309852, 1
-0.831635, -0.053213, 1
-0.736696, -0.574174, 1
-0.855374, -0.506316, 1
-0.397243, -0.674269, 0
0.857926, 0.505087, 0
-0.160092, 0.734022, 1
0.593336, -0.281664, 1
-0.338681, -0.457839, 1
-0.625041, 0.514890, 1
0.448597, 0.877759, 0
0.946067, 0.202711, 0
-0.269985, 0.468809, 0
-0.685274, 0.618360, 1
-0.371967, -0.383542, 1
0.470898, -0.703754, 0
-0.021854, 0.893348, 0
-0.974201, 0.115444, 1
-0.231390, 0.159629, 1
0.156576, 0.426497, 0
0.344172, 0.569185, 1
0.053876, -0.271980, 0
0.280981, -0.474654, 1
0.307648, -0.873447, 1
-0.698876, -0.705721, 1
0.763729, -0.626601, 1
-0.860970, -0.040712, 1
0.941351, 0.227701, 0
0.828497, -0.406931, 0
-0.537810, 0.696992, 1
0.147144, 0.658894, 1
0.596816, 0.262255, 1
0.506404, -0.348228, 1
0.459879, 0.175981, 0
-0.107805, -0.304053, 0
0.505597, 0.217270, 1
-0.193119, -0.539884, 1
0.424094, 0.730371, 0
-0.283708, -0.486435, 1
0.088234, 0.119758, 1
-0.511021, -0.523037, 0
0.378268, 0.101970, 0
0.400239, -0.635895, 0
0.114174, 0.188779, 1
-0.315389, 0.362922, 0
-0.675238, -0.207235, 0
-0.769579, 0.113429, 1
-0.439378, -0.891101, 1
-0.579500, 0.034354, 0
-0.864674, 0.105431, 1
0.233994, 0.871111, 0
0.687348, -0.308730, 0
0.381682, -0.861729, 1
0.565048, 0.616964, 0
-0.075853, 0.132475, 0
-0.121648, 0.158283, 1
0.032133, -0.373955, 0
-0.634718, 0.105447, 0
-0.425628, 0.860135, 0
0.159577, 0.565187, 0
-0.685236, -0.218492, 0
-0.594184, 0.799436, 0
-0.806553, -0.535329, 1
-0.428327, 0.681272, 1
0.778843, 0.052072, 0
0.182207, -0.096614, 1
-0.609097, -0.180601, 0
-0.391000, -0.395493, 1
0.935381, 0.318734, 0
0.449004, 0.286772, 0
0.957184, 0.233931, 0
0.397011, 0.535494, 1
-0.583786, 0.444015, 1
0.435566, 0.131749, 0
0.260686, -0.865796, 1
0.232322, 0.066712, 1
-0.959523, -0.054499, 1
-0.504963, 0.826817, 0
-0.356427, 0.661553, 1
0.323502, 0.908571, 0
-0.149074, -0.029989, 0
-0.002393, 0.695569, 1
0.471593, -0.385170, 1
-0.636640, 0.663872, 1
0.094302, -0.464881, 1
0.688822, -0.273008, 0
-0.000012, 0.772410, 1
0.938735, 0.263186, 0
-0.685875, -0.508667, 1
0.099638, 0.861272, 0
-0.143042, 0.740534, 1
0.486787, -0.282887, 1
0.506555, 0.644991, 1
-0.514527, 0.299847, 0
0.291845, 0.504473, 0
0.383256, 0.062421, 0
-0.681785, -0.029650, 0
-0.585307, 0.073449, 0
0.318109, -0.795086, 0
-0.716605, -0.353572, 1
-0.390604, 0.835888, 0
0.801600, -0.462835, 0
0.256084, -0.063137, 0
0.090453, -0.819740, 0
-0.079300, -0.071420, 0
-0.034927, -0.342481, 0
0.726353, -0.205984, 0
-0.476058, -0.374012, 0
-0.065596, -0.725547, 0
0.295601, -0.504906, 1
-0.442955, -0.353037, 0
0.236606, -0.858006, 0
0.637625, -0.115652, 1
0.606468, -0.169546, 1
0.462272, 0.831554, 0
0.271344, 0.932832, 0
0.507576, 0.256117, 1
-0.033126, -0.384915, 1
0.315155, -0.628968, 0
-0.704415, -0.129789, 0
0.377644, 0.400042, 0
0.116703, 0.510566, 0
-0.226793, -0.421472, 1
0.946186, 0.156584, 0
0.529510, 0.076850, 1
-0.613279, -0.319322, 0
0.410965, -0.426816, 1
0.476551, -0.050888, 0
-0.687017, -0.172159, 0
-0.903311, 0.299922, 1
0.552224, 0.736152, 0
0.625929, 0.085358, 1
0.454709, 0.502982, 1
-0.218747, -0.460235, 1
0.830770, -0.125802, 0
0.092597, -0.549468, 1
-0.703274, -0.312765, 0
0.045423, -0.810713, 0
-0.414306, 0.745792, 1
0.596414, -0.518598, 0
-0.260131, 0.908698, 0
-0.032448, -0.759519, 0
0.249150, -0.439377, 1
-0.314341, -0.313999, 1
-0.695172, 0.619394, 1
0.715806, 0.649574, 0
-0.578294, -0.814888, 1
0.250762, -0.876389, 1
0.453124, -0.462260, 1
-0.557145, -0.801903, 1
-0.339459, -0.583397, 0
-0.486435, -0.068013, 1
-0.571496, -0.057535, 0
0.222686, -0.120696, 0
0.412596, -0.786421, 0
-0.668473, 0.559724, 1
0.253986, 0.639159, 1
-0.547017, 0.470904, 1
0.790478, -0.181185, 0
0.184149, 0.468929, 0
-0.602014, 0.660603, 1
-0.463358, -0.384647, 0
-0.627641, -0.380881, 0
-0.265535, 0.141990, 1
0.045839, 0.758394, 1
0.415872, 0.672097, 1
0.588877, -0.656415, 0
0.532566, 0.339072, 1
-0.646533, -0.498381, 1
-0.244090, -0.377241, 1
-0.734702, -0.037882, 0
-0.690234, -0.629977, 1
-0.224276, -0.744595, 0
-0.390300, 0.431698, 0
0.729301, 0.596499, 0
-0.843041, 0.230584, 1
-0.830606, 0.064590, 1
0.342595, -0.826753, 0
-0.434506, -0.038012, 1
-0.865197, 0.369878, 1
-0.842883, 0.436726, 1
-0.186082, -0.363085, 1
-0.516735, 0.329030, 0
0.566577, -0.584421, 0
-0.224866, -0.313368, 1
-0.313620, 0.911448, 0
-0.693258, -0.016698, 0
-0.557776, -0.704423, 1
0.262262, -0.425438, 1
0.173522, -0.830504, 0
0.209505, -0.561177, 1
-0.724942, 0.506846, 1
0.679025, 0.138517, 1
-0.627989, -0.464351, 0
-0.293244, 0.581174, 0
-0.718549, -0.051352, 0
-0.707355, 0.303274, 1
0.158752, 0.508005, 0
-0.516831, -0.808585, 1
0.179083, 0.191067, 1
0.888037, -0.441743, 1
-0.007829, -0.154902, 0
-0.846954, 0.464406, 0
-0.746410, 0.458961, 1
-0.196461, 0.937210, 0
-0.267902, -0.110678, 1
0.714356, 0.141129, 1
0.288691, 0.258948, 0
0.459454, 0.393149, 1
-0.934718, -0.170634, 1
0.091245, 0.763768, 1
0.822251, -0.321782, 0
-0.422616, -0.273270, 1
0.025985, 0.443198, 0
0.040080, 0.893382, 0
0.352771, 0.850905, 0
0.247793, -0.143338, 0
-0.167718, 0.020263, 0
-0.706293, 0.683485, 0
-0.330971, -0.509053, 0
0.375399, 0.649305, 1
0.635360, -0.734851, 1
0.129111, 0.142490, 1
0.594114, -0.380087, 0
0.126404, -0.791399, 0
-0.162356, -0.307776, 1
-0.332716, -0.090628, 1
-0.794860, -0.151223, 1
0.715106, 0.548110, 0
-0.449237, -0.325536, 0
0.492342, 0.577892, 1
0.056855, 0.519507, 0
0.602183, -0.058070, 1
0.065418, 0.887264, 0
0.320419, 0.742232, 1
0.581065, 0.075535, 1
0.411086, -0.795246, 0
-0.402286, 0.880966, 0
-0.476257, 0.600070, 1
0.663532, -0.708391, 1
0.886136, 0.230870, 0
-0.500246, 0.263857, 0
-0.509123, 0.338148, 0
-0.262393, 0.502827, 0
-0.277172, 0.001163, 1
-0.599900, 0.602315, 1
-0.244602, 0.251665, 1
-0.656991, -0.483836, 1
0.280446, -0.715535, 0
0.059079, -0.442733, 1
0.388181, 0.113527, 0
0.284673, 0.007694, 0
-0.149990, -0.042705, 0
0.772513, -0.511769, 0
-0.167436, -0.176637, 0
-0.344272, -0.132688, 1
-0.859968, 0.373887, 1
0.144392, 0.684333, 1
0.731971, -0.617224, 1
0.664051, -0.063800, 1
0.197957, -0.352163, 0
-0.774025, -0.210852, 1
0.101428, 0.019492, 1
-0.119602, 0.754867, 1
0.640203, 0.447159, 1
-0.746519, 0.638328, 0
-0.893273, 0.317598, 1
0.297986, -0.934315, 1
-0.510147, 0.551374, 1
-0.128359, -0.929961, 1
0.454937, 0.814435, 0
-0.024084, -0.201912, 0
-0.670067, -0.079339, 0
0.612897, 0.167891, 1
0.853526, -0.284399, 0
-0.209706, 0.456710, 0
-0.428171, -0.388207, 0
-0.800688, 0.214260, 1
-0.201484, 0.514913, 0
0.688747, 0.063294, 1
-0.172495, 0.539503, 0
0.480812, 0.204311, 0
-0.457922, -0.128293, 1
-0.015488, -0.441347, 1
0.004760, 0.958912, 0
0.943191, 0.091367, 0
0.776469, 0.520162, 0
0.362219, -0.156993, 0
0.385464, -0.585149, 0
-0.172930, 0.260868, 1
0.171849, 0.526006, 0
-0.419593, 0.653754, 1
-0.489932, -0.417448, 0
-0.574065, -0.410139, 0
0.478339, -0.647136, 0
0.264469, 0.318884, 0
0.024437, 0.724106, 1
-0.726127, -0.175742, 0
0.956298, -0.027635, 0
-0.205258, -0.894571, 1
0.861868, 0.082977, 0
-0.343293, 0.105172, 1
-0.616391, -0.085440, 0
0.546850, 0.769314, 0
-0.521268, -0.367719, 0
0.033396, -0.833353, 0
0.618602, 0.652495, 0
-0.399292, -0.522160, 0
0.762793, -0.341534, 0
-0.266822, 0.646697, 1
0.653232, 0.553487, 0
-0.583419, -0.273475, 0
-0.627629, 0.294311, 0
0.753394, 0.009934, 0
0.353018, 0.481188, 1
-0.218425, -0.388878, 1
0.027849, -0.880241, 1
-0.148719, -0.237877, 0
0.192375, -0.719671, 0
0.374303, -0.352881, 1
0.748659, -0.373299, 0
0.318308, -0.212170, 0
0.504803, 0.688025, 0
0.477455, -0.702511, 0
0.237105, 0.811389, 1
-0.741175, 0.433498, 1
0.099403, 0.508085, 0
-0.476566, -0.256457, 0
0.772842, 0.004816, 0
-0.014318, -0.017727, 1
0.489042, -0.718562, 0
0.196091, 0.184247, 1
-0.216666, -0.953770, 1
0.411772, 0.695330, 1
0.497924, 0.386279, 1
-0.407891, -0.461810, 0
-0.534639, 0.018709, 0
0.012879, -0.082145, 1
0.020234, -0.128452, 1
-0.129849, -0.729362, 0
-0.765801, 0.045291, 1
0.587212, -0.474443, 0
0.742435, -0.252349, 0
-0.950053, -0.204308, 1
-0.298050, 0.699544, 1
0.666592, -0.031922, 1
0.654067, -0.077073, 1
-0.109030, 0.565365, 0
-0.057973, 0.053339, 0
-0.937661, -0.016942, 1
-0.477537, 0.067645, 1
-0.015982, 0.663986, 1
0.591255, -0.047440, 1
-0.758958, 0.225729, 1
-0.008369, -0.643278, 0
-0.714702, -0.359409, 1
0.593468, -0.329598, 1
0.503087, 0.162814, 1
-0.225434, -0.206505, 0
-0.732413, 0.239236, 1
0.251609, -0.245137, 0
-0.562334, -0.364983, 0
-0.988515, 0.088843, 1
0.279188, 0.594105, 1
0.617326, 0.445147, 1
0.194850, -0.435141, 1
-0.287422, -0.641966, 0
-0.135703, 0.038846, 0
0.220343, -0.321493, 0
0.468428, -0.322525, 1
-0.123983, 0.882103, 0
-0.722896, 0.316533, 1
-0.391251, 0.265406, 0
0.301871, -0.571185, 1
0.565494, -0.809530, 1
-0.599071, 0.171685, 0
0.295251, -0.166134, 0
0.858191, 0.292291, 0
-0.539700, -0.181997, 0
0.369101, 0.212080, 0
0.018056, -0.411874, 1
0.501737, 0.695387, 0
-0.226182, -0.409864, 1
-0.261291, -0.644309, 0
-0.891827, -0.257711, 1
0.701249, 0.068054, 1
-0.730413, 0.581068, 1
-0.187717, -0.933672, 1
0.083858, -0.688937, 0
0.458731, -0.079732, 0
0.339430, -0.174329, 0
0.338599, 0.832590, 0
0.203974, -0.060057, 1
0.078131, -0.968858, 1
0.791748, -0.487282, 0
0.335100, 0.687649, 1
-0.638710, -0.086314, 0
-0.938365, 0.123070, 1
-0.017729, -0.095713, 1
-0.021776, 0.599982, 0
0.127969, -0.166008, 0
0.606767, -0.011372, 1
0.404225, 0.323040, 0
-0.445148, 0.650575, 1
-0.225844, 0.723308, 1
0.044122, -0.144053, 0
0.641323, -0.507089, 0
0.313044, 0.531117, 1
0.885128, 0.432374, 0
0.170820, -0.251233, 0
0.639353, 0.279268, 1
0.540373, -0.587239, 0
0.096616, -0.789347, 0
0.756614, 0.603862, 0
-0.295665, 0.750987, 1
-0.012829, -0.949233, 1
0.735774, 0.620351, 0
-0.805094, -0.138158, 1
-0.513064, -0.287314, 0
0.306622, -0.284144, 0
0.926365, 0.336384, 0
0.189664, -0.070931, 1
0.131506, -0.125126, 1
0.578364, -0.216701, 1
-0.243117, -0.379774, 1
-0.857682, -0.446120, 1
-0.198092, -0.152425, 0
0.683336, -0.251566, 0
0.875368, -0.018556, 0
-0.136372, -0.536305, 1
0.003693, -0.426685, 1
-0.624190, -0.335810, 0
-0.289428, -0.215997, 1
-0.853438, -0.106686, 1
-0.015070, -0.610573, 1
0.152529, -0.972552, 1
-0.722165, -0.544026, 1
-0.667804, 0.569461, 1
0.138108, 0.133823, 1
-0.023895, -0.213313, 0
-0.057850, -0.646065, 0
-0.509268, 0.250922, 0
0.346555, -0.855064, 1
-0.818829, 0.490474, 1
0.519420, -0.047471, 1
-0.410381, -0.243971, 1
0.108087, -0.434214, 1
0.336556, 0.866781, 0
0.748703, -0.149795, 0
0.069804, -0.411255, 1
-0.262145, 0.679002, 1
-0.588564, 0.743091, 0
0.401329, -0.256448, 1
0.288512, -0.044087, 0
0.564845, -0.546523, 0
0.266263, -0.279556, 0
0.417089, 0.475377, 1
0.828470, 0.547029, 0
-0.652080, 0.350997, 1
-0.371530, 0.083389, 1
-0.270893, -0.724141, 0
0.488421, -0.312756, 1
-0.804231, -0.037744, 1
0.987701, -0.054135, 0
-0.535701, -0.338068, 0
-0.315762, -0.399101, 1
-0.067422, 0.129618, 0
0.533468, 0.014775, 1
-0.080011, -0.622957, 0
-0.231813, -0.022546, 0
-0.341342, 0.040665, 1
-0.176118, 0.471430, 0
0.082807, -0.297835, 0
-0.620870, 0.617500, 1
0.815183, 0.197337, 0
0.443353, 0.762568, 0
0.087324, 0.185214, 1
0.214428, 0.184497, 1
-0.298494, -0.210929, 1
-0.350772, -0.550760, 0
0.975720, 0.123954, 0
-0.366247, -0.592315, 0
-0.818072, 0.497535, 0
-0.339096, 0.497715, 0
0.835447, -0.257927, 0
0.456171, -0.700119, 0
-0.823413, 0.441501, 1
-0.358654, 0.870653, 0
0.813995, 0.262906, 0
0.787999, 0.342227, 0
-0.266617, 0.663448, 1
-0.621009, -0.708340, 1
0.147098, 0.443092, 0
0.141682, -0.421602, 1
0.444766, -0.543372, 0
-0.155022, -0.913870, 1
0.707565, -0.447652, 0
0.512681, -0.057433, 1
-0.004404, 0.446234, 0
0.899405, -0.037518, 0
0.705642, 0.483991, 0
0.175793, 0.844280, 0
-0.570088, -0.244220, 0
-0.473100, 0.223624, 0
0.012290, -0.535852, 1
0.177269, 0.748505, 1
-0.232039, -0.686642, 0
0.771736, 0.614731, 0
0.395675, 0.007669, 0
-0.488774, 0.457442, 0
-0.252639, -0.859198, 1
-0.378831, 0.090486, 1
0.274620, 0.482735, 0
0.025375, -0.595097, 1
-0.530112, 0.516341, 1
0.342888, -0.865077, 1
-0.355016, -0.691791, 0
0.505911, 0.860888, 0
-0.649647, -0.270297, 0
-0.381842, 0.593115, 1
0.365895, 0.876506, 0
-0.821804, -0.313371, 1
0.029175, -0.318201, 0
0.055341, -0.136483, 1
0.230123, -0.607902, 1
-0.282802, 0.438834, 0
-0.559835, -0.173583, 0
-0.282555, -0.790838, 0
0.093324, 0.715466, 1
-0.031972, -0.813486, 0
-0.775171, -0.031622, 1
0.631540, -0.639401, 0
0.035308, -0.880451, 1
-0.363634, -0.326068, 1
0.456382, 0.013910, 0
0.488419, 0.247154, 1
-0.149710, 0.106282, 0
-0.503425, 0.840438, 0
0.032050, 0.151642, 1
-0.319115, 0.313498, 0
-0.381943, 0.787513, 1
-0.597116, 0.292291, 0
-0.102003, 0.741337, 1
0.633130, -0.237274, 1
-0.347668, 0.219596, 1
0.950256, -0.012646, 0
0.219346, 0.200558, 1
-0.056492, -0.132150, 0
-0.242353, 0.543708, 0
-0.638189, 0.408225, 1
0.031076, -0.904440, 1
-0.294732, 0.797079, 1
-0.060988, 0.094063, 0
0.641805, -0.132160, 1
-0.156785, 0.921026, 0
0.837743, -0.525102, 1
-0.180479, -0.971273, 1
0.498944, 0.628275, 1
0.029017, -0.225904, 0
-0.649123, -0.214437, 0
0.254493, -0.216308, 0
-0.073565, -0.869602, 1
0.911882, 0.135355, 0
0.776768, 0.409388, 0
0.463952, 0.031377, 0
-0.176375, -0.779816, 0
-0.575320, 0.798188, 0
0.485209, -0.659929, 0
0.106457, 0.681231, 1
-0.226119, -0.916291, 1
0.129929, -0.152497, 0
0.903695, 0.425899, 0
0.879879, 0.204148, 0
-0.748029, -0.005024, 0
0.240822, 0.511739, 0
-0.642173, 0.224491, 0
-0.016765, -0.764521, 0
-0.385991, -0.352694, 1
-0.250643, -0.853240, 1
0.266025, 0.600050, 1
-0.089973, 0.707354, 1
-0.840393, 0.314487, 1
-0.309057, 0.756223, 1
-0.053342, 0.198277, 1
0.067922, 0.136713, 1
0.086910, 0.896585, 0
0.187755, 0.448435, 0
0.039960, -0.645123, 0
-0.927857, 0.163654, 1
0.258554, -0.019656, 0
-0.399119, 0.773727, 1
-0.146181, 0.564095, 0
-0.547409, 0.513687, 1
-0.814757, 0.411875, 1
0.282849, 0.159599, 0
0.317843, 0.757191, 1
-0.003105, -0.778315, 0
0.400809, -0.388333, 1
-0.556921, -0.762546, 1
0.745547, 0.639425, 0
-0.282330, -0.958157, 1
0.259816, -0.494176, 1
-0.327556, 0.935734, 0
-0.433526, 0.206881, 0
-0.174313, 0.154725, 1
-0.555563, 0.124410, 0
-0.036682, -0.172026, 0
-0.424804, 0.157623, 1
-0.270253, 0.127527, 1
-0.446060, -0.887693, 1
-0.622528, -0.622079, 1
0.483920, -0.365139, 1
0.402549, 0.758118, 0
-0.066226, 0.755416, 1
-0.499560, -0.271495, 0
-0.399972, -0.827386, 1
-0.046233, 0.923309, 0
0.453464, 0.458912, 1
0.753544, -0.578688, 1
-0.136818, 0.328986, 1
0.507128, 0.140750, 1
0.678445, -0.719226, 1
0.073563, 0.509294, 0
0.236559, 0.016529, 1
-0.933939, 0.227979, 1
0.885437, 0.013740, 0
0.466514, -0.832642, 1
-0.039131, -0.254015, 0
0.856729, -0.288719, 0
0.714894, -0.586851, 0
0.404574, 0.287607, 0
0.947970, -0.151179, 0
0.304052, -0.499867, 1
0.089921, -0.244962, 0
0.159882, -0.157850, 0
-0.062897, 0.374207, 1
0.308219, -0.281260, 0
0.187657, 0.008766, 1
-0.750421, -0.290979, 1
0.120152, 0.379362, 0
0.110889, -0.217952, 0
0.282895, -0.422324, 1
0.757170, -0.181327, 0
0.494380, 0.518168, 1
-0.120242, -0.576595, 1
-0.403869, -0.818078, 1
0.231196, -0.928344, 1
-0.557176, -0.461897, 0
-0.649888, -0.614610, 1
0.344631, 0.190971, 0
-0.608663, -0.369379, 0
0.317939, 0.019643, 0
0.119994, -0.090986, 1
0.428988, 0.466608, 1
-0.402980, 0.823368, 0
-0.171673, 0.462154, 0
-0.099883, -0.281032, 0
-0.517352, -0.567634, 0
0.060753, -0.713124, 0
0.161283, 0.200612, 1
0.476665, 0.116258, 0
0.578894, 0.718832, 0
0.455581, -0.846334, 1
0.351437, -0.026717, 0
-0.752344, 0.498076, 1
0.945341, -0.068589, 0
-0.136311, 0.448217, 0
0.013389, 0.157604, 1
-0.765753, 0.400350, 1
0.015077, 0.824184, 1
0.285807, -0.331146, 1
-0.603102, -0.532729, 0
0.242573, -0.487248, 1
0.759746, -0.450494, 0
0.150977, -0.409944, 1
0.630615, 0.245143, 1
-0.280009, 0.521907, 0
-0.372690, 0.162600, 1
0.453120, 0.154652, 0
0.531985, -0.014299, 1
0.080585, 0.370016, 0
-0.715184, 0.203942, 1
-0.607429, 0.479542, 1
-0.733529, 0.566580, 1
-0.253573, -0.849908, 1
0.694594, -0.244035, 0
-0.142384, -0.289515, 0
-0.062529, -0.353145, 0
-0.022798, 0.423015, 0
-0.368459, 0.488779, 0
-0.958863, 0.017380, 1
-0.358936, 0.276666, 0
0.480467, 0.252212, 1
-0.649015, 0.253040, 0
-0.378203, -0.394691, 1
0.720831, 0.577183, 0
-0.401973, 0.129025, 1
0.130500, 0.855579, 0
0.732999, -0.065037, 1
-0.784357, -0.054759, 1
-0.178099, -0.951593, 1
-0.794358, -0.134526, 1
0.084246, 0.071363, 1
0.444127, 0.346645, 1
-0.466155, 0.681610, 1
-0.339828, 0.031232, 1
0.819582, -0.386626, 0
0.329307, 0.881213, 0
0.397000, -0.263512, 1
0.123843, -0.246039, 0
0.634151, 0.407263, 1
-0.426161, -0.236864, 1
-0.128017, -0.150259, 0
-0.940577, -0.337658, 1
0.642410, -0.108848, 1
-0.503916, -0.856930, 1
-0.554121, -0.167562, 0
-0.488915, -0.656935, 0
-0.489037, 0.186516, 0
0.258475, -0.562205, 1
0.049733, -0.453542, 1
-0.346853, -0.306397, 1
0.410206, 0.507713, 1
0.061883, 0.920123, 0
-0.946770, 0.181553, 1
-0.821449, -0.112390, 1
0.729762, 0.407174, 0
0.176336, 0.441560, 0
-0.189210, 0.884768, 0
0.331262, -0.377246, 1
-0.767378, -0.196708, 1
-0.234445, 0.767944, 1
0.441960, -0.519768, 0
-0.605708, -0.629754, 1
0.253765, 0.268260, 0
0.102114, 0.692332, 1
-0.688208, -0.256684, 0
-0.116443, 0.686958, 1
-0.066386, 0.033853, 0
-0.020183, -0.798958, 0
0.555050, -0.122554, 1
-0.425549, 0.586259, 1
-0.338904, -0.479890, 0
-0.266472, -0.903534, 1
0.586418, -0.658406, 0
0.768255, 0.483102, 0
-0.427160, 0.579078, 1
-0.462811, -0.822236, 1
0.508602, 0.508872, 1
-0.077434, -0.033452, 0
0.286782, -0.849317, 0
-0.528035, 0.520676, 1
0.341297, -0.256030, 0
0.752271, 0.524662, 0
-0.229709, 0.417908, 0
0.399544, -0.363559, 1
-0.391753, -0.709187, 0
-0.253179, 0.910520, 0
0.473409, 0.613028, 1
-0.927951, -0.226398, 1
0.697395, -0.589891, 0
0.956362, -0.148624, 0
-0.023365, 0.060225, 0
0.529081, -0.629475, 0
-0.713240, 0.212634, 1
-0.118930, 0.166654, 1
0.421246, -0.327366, 1
-0.397565, 0.073183, 1
-0.177213, 0.755342, 1
-0.161935, 0.404009, 0
0.414973, -0.280914, 1
0.620420, 0.307564, 1
-0.780255, -0.346915, 1
0.730443, -0.536249, 0
-0.624465, -0.681602, 1
0.808108, -0.048680, 0
-0.628843, 0.412289, 1
-0.106380, -0.803964, 0
-0.093175, -0.688347, 0
0.694712, -0.684879, 1
-0.282283, 0.099896, 1
-0.532960, -0.472011, 0
0.285193, -0.576364, 1
-0.057985, 0.765298, 1
0.874083, 0.367412, 0
0.798711, -0.459903, 0
-0.736866, -0.337437, 1
0.940255, -0.218334, 0
-0.010918, -0.904954, 1
-0.060482, 0.764791, 1
-0.671035, 0.556508, 1
-0.739555, -0.341346, 1
-0.127585, -0.875889, 1
-0.569112, -0.717153, 1
-0.710382, 0.000920, 0
-0.867829, 0.226946, 1
0.774237, -0.170606, 0
0.711125, -0.416701, 0
-0.524847, -0.693552, 1
-0.724986, -0.594621, 1
0.294389, 0.405762, 0
-0.104831, 0.770696, 1
0.638884, -0.580905, 0
-0.775156, -0.052578, 1
-0.775386, -0.617863, 1
-0.665839, 0.704564, 0
-0.398663, -0.457812, 0
-0.297819, -0.029598, 1
0.427643, -0.812373, 1
0.153571, -0.734611, 0
-0.190640, -0.104841, 0
-0.373266, -0.136008, 1
0.768336, -0.503626, 0
-0.347446, -0.457841, 0
0.396890, -0.050085, 0
0.089533, -0.284909, 0
0.228645, -0.482337, 1
0.055795, -0.567902, 1
0.184471, 0.384985, 0
-0.125380, -0.619453, 0
0.913428, -0.203963, 0
-0.083204, -0.200376, 0
0.243438, 0.282685, 0
0.525541, 0.846201, 0
0.836164, -0.304237, 0
-0.506080, 0.749192, 1
-0.896480, 0.322327, 1
-0.196336, 0.966552, 0
0.298847, -0.923277, 1
-0.614125, -0.262293, 0
0.450125, 0.136685, 0
-0.803960, 0.211149, 1
0.020315, -0.746673, 0
-0.809979, 0.514611, 0
0.024884, 0.103799, 1
0.524209, -0.492820, 0
0.396443, -0.138515, 0
0.458699, 0.209348, 0
-0.555912, 0.243700, 0
-0.537163, -0.798731, 1
0.652712, -0.660142, 0
0.149050, 0.144902, 1
-0.500587, -0.061993, 1
0.408708, -0.474854, 1
0.606862, 0.294043, 1
-0.767148, 0.205749, 1
-0.014935, 0.787202, 1
-0.391685, -0.876422, 1
0.005322, -0.819019, 0
-0.240619, -0.774532, 0
-0.504064, -0.715367, 1
0.048216, 0.013427, 1
-0.796667, 0.003589, 1
0.363835, -0.053430, 0
0.772172, -0.377366, 0
-0.287895, -0.387528, 1
0.369992, 0.629671, 1
-0.011535, -0.100373, 1
0.571826, 0.072214, 1
0.254055, 0.237377, 0
-0.879302, -0.412287, 1
0.866438, 0.240612, 0
-0.067994, 0.190325, 1
-0.051022, 0.280391, 1
-0.042875, -0.940830, 1
0.898012, 0.216152, 0
0.383098, 0.243625, 0
0.418481, -0.735654, 0
0.597075, 0.187863, 1
-0.366132, 0.575659, 1
0.962114, 0.019573, 0
0.025371, -0.865839, 0
0.430406, -0.605713, 0
-0.639543, 0.330036, 1
0.030497, 0.194885, 1
-0.413946, -0.353633, 1
0.493589, 0.644234, 1
0.201680, 0.275852, 0
-0.346761, 0.902245, 0
0.960298, 0.023382, 0
0.217966, 0.676360, 1
-0.554765, -0.069576, 0
0.446586, 0.572306, 1
-0.710883, 0.109479, 0
0.930850, 0.070725, 0
-0.546062, 0.507401, 1
0.459297, -0.885484, 1
0.080535, 0.329335, 1
0.562007, -0.385854, 1
-0.791062, -0.529602, 1
-0.334833, -0.386090, 1
-0.214917, 0.786133, 1
0.557609, 0.653637, 0
-0.220997, 0.839522, 1
0.844859, 0.353909, 0
0.204521, 0.432543, 0
0.585227, -0.715971, 0
-0.335072, 0.861275, 0
0.889817, 0.341474, 0
-0.878773, -0.290336, 1
0.629997, 0.513257, 0
0.528973, 0.609642, 1
0.125387, -0.925497, 1
-0.236431, 0.241047, 1
-0.606983, 0.171040, 0
0.682060, -0.614222, 0
0.705689, -0.105093, 1
0.117485, 0.576761, 0
-0.642743, 0.405184, 1
0.341548, -0.164063, 0
-0.004244, 0.143388, 1
-0.366458, -0.271628, 1
-0.093809, 0.381918, 1
-0.633046, -0.544117, 1
-0.635683, 0.618617, 1
0.348862, -0.827226, 0
0.033722, -0.311697, 0
0.504851, -0.030913, 1
0.860271, -0.254071, 0
0.486021, -0.284046, 1
0.198519, -0.386864, 1
0.703665, 0.175798, 1
0.708123, -0.609272, 0
0.210801, 0.826235, 1
0.487433, 0.421568, 1
0.388689, 0.530946, 1
0.098102, 0.851082, 1
-0.539320, -0.247765, 0
-0.892427, -0.350258, 1
-0.230482, 0.282696, 1
0.344538, 0.070698, 0
-0.458166, 0.673115, 1
0.494395, 0.279758, 1
-0.120356, -0.797639, 0
0.722015, -0.305475, 0
0.543135, -0.067865, 1
-0.447360, 0.502327, 0
-0.363429, -0.708027, 0
-0.036868, 0.540862, 0
0.432255, -0.142513, 0
-0.276937, -0.949760, 1
0.161080, -0.479886, 1
0.063845, -0.790055, 0
-0.417630, 0.471748, 0
0.326275, 0.330166, 0
-0.292647, -0.889658, 1
0.423775, 0.534526, 1
0.231771, 0.801190, 1
0.230049, -0.668992, 0
0.465854, 0.104165, 0
0.475482, 0.171622, 0
-0.786502, -0.538932, 1
-0.350070, -0.813525, 1
-0.082869, -0.383181, 1
0.265841, 0.174615, 0
0.662723, 0.689761, 0
0.378055, -0.352010, 1
0.753746, 0.124329, 0
0.356940, -0.494787, 1
0.710697, 0.635609, 0
-0.549916, 0.383018, 0
0.590123, -0.020805, 1
-0.872769, -0.053829, 1
-0.593574, 0.418355, 1
0.460229, -0.742130, 0
0.310723, 0.550170, 1
-0.003078, 0.848677, 1
-0.926106, -0.120654, 1
-0.266006, -0.957378, 1
0.214115, -0.023681, 1
-0.911509, 0.094292, 1
0.527009, 0.063889, 1
-0.731865, 0.043334, 0
-0.645861, 0.738869, 0
0.300845, 0.482875, 0
0.969377, -0.058542, 0
-0.856479, 0.026261, 1
0.367067, -0.053977, 0
-0.250667, -0.124924, 0
0.153602, -0.216965, 0
-0.363690, 0.630187, 1
0.688339, 0.695050, 0
0.658302, -0.573664, 0
-0.559655, 0.046901, 0
0.032098, 0.249080, 1
-0.253784, -0.312347, 1
0.509778, -0.828457, 1
-0.239382, -0.339759, 1
-0.030576, 0.043108, 0
0.174262, -0.443302, 1
-0.372382, -0.840660, 1
0.238379, -0.038771, 0
0.982381, -0.077646, 0
0.613832, 0.593571, 0
0.242490, 0.837816, 0
0.213689, 0.186284, 1
-0.859447, -0.419528, 1
-0.166080, 0.694148, 1
0.487032, -0.740968, 0
-0.167645, 0.680380, 1
0.176795, -0.813971, 0
-0.526971, 0.501642, 1
-0.343923, 0.083880, 1
0.770801, -0.398048, 0
0.574343, 0.297168, 1
-0.432041, 0.851179, 0
-0.017850, -0.188477, 0
-0.688500, 0.410964, 1
-0.172104, 0.648812, 1
0.899657, -0.282484, 0
0.162902, 0.546356, 0
0.185055, 0.414112, 0
-0.022673, 0.470350, 0
-0.065188, -0.604113, 1
0.529359, -0.464335, 0
-0.402184, 0.142933, 1
0.217248, -0.328918, 0
-0.265746, 0.033474, 1
-0.359805, 0.390963, 0
0.422064, 0.189506, 0
0.832482, -0.324839, 0
-0.011336, -0.073046, 1
-0.030563, -0.892430, 1
-0.132312, -0.153487, 0
0.334153, 0.151810, 0
-0.328576, 0.657550, 1
-0.713138, 0.697183, 0
-0.111744, 0.645546, 1
0.707042, 0.508835, 0
0.256211, -0.683525, 0
-0.159237, -0.875978, 1
-0.441809, -0.452660, 0
0.276801, 0.838369, 0
0.133543, 0.035563, 1
-0.623281, -0.133026, 0
0.060913, 0.297474, 1
-0.298248, -0.892827, 1
0.151861, 0.250514, 1
0.567113, -0.218666, 1
-0.470078, 0.296817, 0
0.904851, 0.067857, 0
-0.170368, 0.362597, 1
-0.396197, -0.446636, 0
0.137023, -0.419263, 1
0.158680, -0.344999, 0
-0.767597, -0.079783, 1
0.061255, 0.751495, 1
0.873388, 0.436534, 0
0.393095, -0.905116, 1
0.159187, -0.752097, 0
-0.247016, -0.386933, 1
-0.815486, 0.155896, 1
-0.162961, -0.106024, 0
0.708275, -0.257303, 0
-0.125271, 0.960516, 0
-0.396771, -0.253016, 1
-0.310791, 0.750618, 1
0.594232, -0.544742, 0
0.293907, -0.712366, 0
-0.259464, 0.521990, 0
0.628100, -0.681967, 0
-0.275668, -0.797746, 0
0.222501, -0.860309, 0
-0.171033, -0.786787, 0
-0.454874, -0.286379, 1
0.886779, 0.262065, 0
-0.847866, 0.145339, 1
-0.844299, -0.109837, 1
0.483001, 0.002373, 0
0.215101, 0.543970, 0
0.147696, 0.681286, 1
0.345899, 0.262637, 0
0.005282, -0.386011, 1
-0.569865, 0.765347, 0
0.411308, 0.301628, 0
-0.810063, -0.436337, 1
-0.591350, 0.620145, 1
0.163717, -0.743470, 0
0.320359, 0.215415, 0
0.163640, 0.925770, 0
-0.399014, 0.368114, 0
-0.228793, -0.328041, 1
0.415030, 0.639225, 1
0.286221, -0.220941, 0
-0.175027, -0.967437, 1
-0.220120, 0.580394, 0
-0.159356, 0.265341, 1
-0.895660, -0.092837, 1
-0.241692, -0.910040, 1
-0.300411, -0.335290, 1
0.257787, 0.744358, 1
-0.790382, 0.384509, 1
-0.211327, 0.110790, 1
-0.673170, 0.079834, 0
0.154381, -0.295316, 0
-0.105495, 0.913134, 0
0.028373, 0.566206, 0
0.085801, -0.981575, 1
-0.361591, -0.245642, 1
-0.223139, -0.457232, 1
0.529571, -0.789621, 1
-0.455856, 0.853523, 0
-0.903239, 0.285756, 1
-0.644573, -0.448379, 0
-0.407208, 0.269444, 0
0.098107, 0.331227, 1
0.333950, 0.703159, 1
-0.330610, -0.114142, 1
0.220257, -0.333775, 0
-0.787074, -0.400972, 1
0.141300, 0.984089, 0
0.960457, -0.258382, 1
0.203256, -0.522157, 1
0.657381, 0.162152, 1
-0.435684, -0.895825, 1
0.284040, -0.572638, 1
0.117486, -0.366947, 0
-0.211955, -0.780888, 0
-0.232074, 0.893545, 0
-0.378377, -0.390357, 1
0.089753, -0.578739, 1
-0.461471, -0.317609, 0
0.663474, -0.431043, 0
0.279526, 0.627682, 1
-0.023281, -0.309650, 0
-0.356319, -0.249181, 1
0.464045, 0.700976, 0
-0.534182, 0.725075, 1
-0.016471, 0.828128, 1
-0.650300, 0.167109, 0
0.529571, -0.148801, 1
0.772887, -0.067653, 0
0.339995, 0.153062, 0
0.272590, -0.435632, 1
-0.705680, 0.134643, 0
-0.414085, 0.571876, 1
0.573457, -0.119905, 1
0.026938, -0.028660, 1
-0.379624, -0.784362, 1
0.505180, 0.272639, 1
-0.106471, 0.642748, 1
0.594989, -0.749258, 1
-0.208939, 0.431445, 0
0.578135, -0.536881, 0
-0.750087, -0.522317, 1
-0.667503, -0.692752, 1
-0.947126, -0.114515, 1
-0.291551, 0.554795, 0
-0.270699, 0.954186, 0
0.257295, -0.737125, 0
0.262511, 0.586635, 1
0.895190, -0.173401, 0
0.717077, -0.228095, 0
0.368180, -0.183617, 0
-0.061532, 0.025230, 0
0.191376, 0.587787, 1
0.205450, 0.069984, 1
-0.043941, -0.591146, 1
-0.206138, 0.834644, 1
-0.962223, -0.262675, 1
-0.318004, 0.408946, 0
-0.659954, 0.381213, 1
-0.305851, 0.692558, 1
-0.064102, -0.637255, 0
-0.165002, -0.261438, 0
-0.330105, 0.481459, 0
0.180828, 0.709720, 1
-0.068444, 0.840166, 1
0.445947, -0.706508, 0
-0.782389, -0.282967, 1
0.094543, -0.085467, 1
-0.144597, -0.124592, 0
-0.316348, 0.921019, 0
-0.170834, -0.483816, 1
-0.389429, 0.802562, 1
0.154301, -0.400687, 1
-0.815677, 0.570619, 0
-0.348832, 0.151109, 1
0.148285, -0.372552, 0
-0.138855, 0.913452, 0
0.156911, 0.182782, 1
0.812009, -0.374541, 0
-0.075010, 0.364796, 1
-0.985024, 0.154198, 0
-0.285056, -0.417529, 1
0.551390, -0.509947, 0
0.423937, -0.149106, 0
0.425061, -0.436091, 1
0.683388, 0.236994, 1
0.935443, -0.150627, 0
0.708963, 0.363655, 0
-0.748281, -0.404141, 1
-0.375155, 0.211571, 1
-0.513340, -0.199924, 0
0.124004, -0.939691, 1
-0.339850, 0.106751, 1
-0.255844, -0.619037, 0
0.431408, 0.069791, 0
0.306889, -0.393525, 1
-0.555227, 0.133027, 0
-0.306446, -0.410995, 1
-0.862276, 0.420027, 1
0.442442, 0.774052, 0
0.845733, 0.224914, 0
0.759423, -0.232050, 0
0.106168, -0.660272, 0
0.183449, 0.097761, 1
-0.862807, 0.416259, 1
0.519545, 0.254983, 1
-0.739495, -0.131583, 0
-0.354246, 0.265668, 1
0.887711, 0.281117, 0
0.514776, -0.572204, 0
0.597809, -0.691621, 0
0.519862, 0.752336, 0
0.858615, -0.106303, 0
-0.474787, -0.154440, 1
0.161972, 0.008009, 1
-0.196533, -0.369470, 1
0.126298, -0.417183, 1
0.383355, 0.843510, 0
0.356906, 0.192434, 0
0.464960, -0.009684, 0
0.347491, 0.074228, 0
0.696535, 0.178640, 1
-0.724635, -0.387154, 1
-0.895771, -0.270353, 1
-0.318604, 0.745034, 1
-0.774448, -0.010263, 1
-0.379815, 0.672251, 1
0.630515, -0.062754, 1
0.287628, 0.324391, 0
-0.305483, 0.294162, 1
0.918141, 0.151266, 0
-0.836961, 0.104719, 1
-0.375901, -0.160352, 1
-0.709571, -0.386615, 1
0.316298, -0.203009, 0
0.212840, -0.124043, 0
-0.389926, -0.101639, 1
-0.406520, -0.086960, 1
0.225697, 0.274076, 0
-0.782275, 0.340392, 1
0.057859, -0.207554, 0
-0.612959, -0.056960, 0
0.374940, -0.181635, 0
0.314966, -0.815450, 0
0.931062, -0.256278, 0
0.420901, 0.674148, 1
0.909490, 0.099762, 0
0.150184, 0.261708, 1
0.621240, 0.628258, 0
-0.747978, -0.024563, 0
0.625387, 0.070155, 1
-0.458006, -0.885944, 1
-0.720099, 0.328752, 1
-0.197208, 0.670065, 1
-0.296044, 0.563455, 0
-0.122179, 0.607331, 0
0.102811, -0.825976, 0
-0.436958, 0.314317, 0
-0.113280, 0.060692, 0
-0.421746, 0.828874, 0
0.522547, -0.531010, 0
0.201763, 0.407668, 0
-0.409641, 0.615246, 1
-0.163045, -0.872583, 1
0.090398, 0.098668, 1
0.604378, -0.691863, 0
-0.580022, -0.393352, 0
0.460278, 0.476353, 1
0.753471, -0.324690, 0
0.493263, 0.539225, 1
-0.382508, 0.877873, 0
-0.477451, 0.406830, 0
0.261667, 0.313410, 0
0.325160, -0.619812, 0
0.040330, -0.448054, 1
-0.607090, -0.715802, 1
-0.569250, 0.780851, 0
-0.805221, -0.215865, 1
-0.251972, -0.207361, 1
0.446031, -0.485451, 1
-0.626473, -0.447220, 0
0.115589, -0.206826, 0
0.274063, 0.203955, 0
-0.612165, -0.569856, 1
0.498291, -0.537836, 0
0.083032, -0.408630, 1
0.149104, -0.166442, 0
0.164342, 0.061560, 1
0.111583, -0.153403, 0
0.575527, 0.087949, 1
0.593071, -0.358539, 1
0.291645, -0.579641, 1
0.772794, -0.594734, 1
-0.381849, 0.280642, 0
0.250260, -0.052627, 0
0.873355, 0.396547, 0
0.531858, -0.353697, 1
0.387648, -0.814282, 0
0.889108, -0.023705, 0
-0.127204, 0.506360, 0
-0.633588, 0.408604, 1
0.534004, -0.258895, 1
-0.609383, 0.716820, 0
-0.267827, -0.646098, 0
0.870107, -0.064701, 0
0.167079, 0.345933, 0
-0.325542, -0.847611, 1
0.077846, -0.094555, 1
0.626240, -0.421197, 0
-0.568755, 0.060495, 0
0.788926, -0.023650, 0
-0.036891, -0.608487, 1
0.269981, -0.881157, 1
-0.181305, -0.211612, 0
0.318108, -0.294234, 0
-0.149422, -0.243088, 0
-0.349574, 0.925218, 0
0.621714, 0.504606, 1
0.707760, 0.550328, 0
-0.097091, 0.853137, 1
-0.128698, -0.058410, 0
0.373794, -0.125113, 0
-0.423403, 0.520932, 0
0.891577, -0.414561, 1
0.666489, 0.522537, 0
-0.151017, -0.160165, 0
-0.124889, -0.124881, 0
0.521216, -0.299237, 1
0.576082, -0.367384, 1
-0.737952, 0.393807, 1
0.255918, 0.408340, 0
-0.443917, 0.150230, 1
0.081926, 0.599875, 0
-0.429888, -0.231879, 1
0.972560, -0.206272, 1
-0.290292, 0.373200, 0
0.074624, -0.115739, 1
-0.504164, 0.722739, 1
-0.568291, 0.079226, 0
0.347229, -0.207894, 0
-0.718011, 0.432232, 1
-0.832574, 0.167902, 1
-0.529587, 0.129291, 0
0.193910, 0.979703, 0
0.172685, 0.474346, 0
-0.508118, -0.003646, 0
0.877989, -0.251086, 0
0.012785, 0.769777, 1
-0.579253, 0.326168, 0
0.862963, 0.168414, 0
-0.580597, -0.331053, 0
0.140858, 0.889818, 0
-0.297553, -0.406833, 1
0.128074, -0.538272, 1
-0.189100, 0.568029, 0
0.115863, 0.516795, 0
-0.738140, -0.289511, 1
-0.771535, 0.130878, 1
-0.850696, -0.319544, 1
-0.867931, 0.391424, 1
0.700064, 0.073451, 1
-0.209036, 0.870384, 0
0.207574, -0.174621, 0
-0.014999, -0.530634, 1
0.806966, -0.324665, 0
-0.189597, 0.158872, 1
0.706477, -0.175262, 1
0.164486, -0.881537, 1
-0.192281, -0.936718, 1
-0.970097, -0.070210, 1
-0.235842, 0.724483, 1
0.047778, -0.442771, 1
0.795551, 0.123476, 0
-0.259332, 0.133546, 1
-0.381191, -0.834022, 1
0.298141, 0.021537, 0
-0.701623, 0.190120, 0
-0.951516, -0.068508, 1
0.398750, 0.768959, 0
0.049220, 0.544333, 0
0.130462, -0.081531, 1
-0.605209, 0.004739, 0
-0.849013, -0.074566, 1
0.695146, -0.425380, 0
-0.705913, 0.695765, 0
0.181045, -0.441834, 1
-0.681756, -0.111965, 0
-0.458294, -0.570436, 0
-0.009918, -0.347303, 0
-0.761835, 0.303478, 1
-0.002786, -0.744469, 0
0.023090, -0.998318, 1
0.499920, 0.196383, 1
-0.860170, -0.211345, 1
0.109937, 0.238148, 1
-0.446858, 0.811285, 0
0.575509, -0.804120, 1
0.057947, 0.072356, 1
0.039151, -0.830457, 0
0.106580, -0.323889, 0
-0.841664, 0.032424, 1
-0.053867, -0.984488, 1
-0.263611, 0.421043, 0
-0.690717, -0.135089, 0
0.825338, -0.481592, 0
0.412469, 0.824956, 0
0.225026, 0.431805, 0
0.659158, 0.309936, 1
0.705246, 0.560875, 0
-0.454615, 0.585050, 1
-0.097462, 0.278129, 1
0.042900, -0.214044, 0
0.120961, -0.329906, 0
-0.684035, -0.649691, 1
0.011353, -0.328601, 0
0.602701, 0.529163, 1
-0.270825, -0.028972, 1
0.062341, 0.597567, 0
0.389690, -0.612980, 0
0.432134, 0.037060, 0
0.189480, 0.075590, 1
0.558407, 0.491234, 1
0.057923, -0.145639, 0
0.132570, -0.427957, 1
0.326588, 0.639400, 1
0.613842, 0.548358, 0
-0.342142, -0.438329, 1
0.799147, 0.341798, 0
-0.338585, 0.243562, 1
-0.549379, -0.613981, 1
-0.540671, 0.031675, 0
-0.694907, -0.152972, 0
0.662661, -0.452891, 0
0.376523, -0.514304, 1
0.372657, -0.024987, 0
0.210464, -0.527912, 1
-0.911321, 0.101049, 1
-0.416083, -0.454611, 0
-0.539959, -0.182713, 0
0.549590, 0.713112, 0
-0.305984, 0.735310, 1
0.098219, -0.612394, 1
0.546312, 0.236336, 1
-0.405193, 0.081451, 1
0.817422, 0.051683, 0
0.299778, 0.681363, 1
0.547021, -0.742452, 0
-0.887737, 0.047039, 1
0.511626, -0.732251, 0
0.345712, -0.611523, 0
0.627018, -0.546008, 0
0.068019, -0.945431, 1
0.248749, -0.405468, 1
-0.590202, 0.085178, 0
-0.887961, -0.143186, 1
-0.075782, -0.283857, 0
-0.694342, -0.150420, 0
0.070743, -0.604595, 1
0.311272, 0.848295, 0
0.100744, -0.812931, 0
0.185258, 0.218966, 1
-0.613690, 0.601503, 1
-0.245184, -0.774106, 0
0.151202, 0.450690, 0
-0.347546, 0.274842, 1
-0.605168, 0.481497, 1
0.175237, -0.035795, 1
-0.925408, 0.372935, 0
-0.194359, 0.639709, 1
-0.757411, 0.535054, 1
0.266427, -0.507836, 1
0.346285, 0.367299, 0
0.615396, -0.248130, 1
0.464307, -0.659011, 0
-0.152116, 0.724411, 1
0.855153, 0.107408, 0
-0.322503, 0.794348, 1
-0.122544, 0.016399, 0
0.710129, 0.700729, 0
0.553807, 0.611561, 0
-0.661626, -0.627320, 1
-0.278190, -0.262446, 1
0.829547, -0.458710, 0
-0.223433, -0.562170, 0
0.638108, -0.146897, 1
0.790152, 0.193114, 0
-0.054325, 0.172504, 1
-0.010992, -0.032415, 1
0.701021, 0.570382, 0
-0.486913, 0.388575, 0
0.090380, -0.104921, 1
0.053807, 0.274685, 1
0.651032, -0.433765, 0
0.325595, -0.625417, 0
-0.072064, 0.064187, 0
0.332256, -0.929270, 1
0.279079, -0.296730, 0
-0.530510, 0.672979, 1
-0.012311, -0.825821, 0
-0.871469, -0.334038, 1
0.318669, -0.433371, 1
-0.351910, 0.059555, 1
-0.785045, 0.510172, 1
-0.947813, -0.246985, 1
-0.449427, 0.223272, 0
0.312931, 0.080576, 0
0.711705, 0.154687, 1
0.006738, 0.793559, 1
0.012016, -0.364909, 0
-0.178120, 0.348243, 1
-0.837585, 0.460787, 1
-0.006142, -0.653310, 0
-0.294331, 0.143245, 1
-0.212240, 0.393652, 0
-0.683584, 0.102551, 0
-0.776956, -0.362618, 1
-0.352008, -0.832342, 1
0.989096, 0.143876, 0
-0.008986, -0.152316, 0
-0.381395, 0.287822, 0
-0.518536, -0.190931, 0
-0.469585, 0.210235, 0
-0.275115, 0.193844, 1
-0.228071, -0.083421, 0
-0.301824, 0.058059, 1
0.524943, 0.083761, 1
0.294896, -0.725667, 0
-0.419943, -0.373105, 0
-0.327356, -0.074077, 1
0.250325, 0.189462, 0
-0.129732, -0.874108, 1
-0.101876, -0.397769, 1
-0.814150, -0.117371, 1
-0.446109, -0.433366, 0
0.178435, -0.167130, 0
0.193765, 0.682787, 1
-0.054335, 0.234458, 1
0.853479, -0.175059, 0
0.663218, 0.362370, 1
-0.283035, 0.620321, 1
-0.763567, 0.060431, 1
0.118784, 0.190709, 1
-0.476898, 0.279782, 0
-0.325880, -0.280555, 1
0.198558, -0.844578, 0
0.487561, -0.078018, 1
0.276228, -0.593341, 1
0.764705, 0.067769, 0
0.719221, 0.380481, 0
-0.258647, 0.472766, 0
-0.384129, 0.127533, 1
0.849606, 0.094979, 0
0.563564, -0.264671, 1
-0.580799, 0.260087, 0
0.056996, 0.165093, 1
-0.467791, -0.878579, 1
0.644103, -0.051840, 1
-0.944821, -0.161918, 1
0.360735, 0.905534, 0
0.414027, -0.539333, 0
-0.232339, -0.430885, 1
0.294802, -0.949280, 1
0.816188, -0.289856, 0
0.527216, -0.293731, 1
0.534469, -0.477857, 0
0.775370, -0.477316, 0
-0.109939, 0.800871, 1
-0.550120, 0.613163, 1
0.797709, 0.083462, 0
-0.057822, 0.440625, 0
0.483924, 0.791445, 0
-0.246378, 0.464085, 0
-0.827211, -0.561646, 1
0.335873, -0.135491, 0
-0.121278, 0.053143, 0
-0.732117, -0.133300, 0
0.036417, 0.878182, 0
0.065944, 0.364785, 0
0.219335, -0.710424, 0
0.841168, -0.122356, 0
0.509471, -0.348493, 1
-0.897377, 0.366118, 0
-0.559591, 0.633619, 1
0.974850, 0.022712, 0
0.803479, -0.579485, 1
-0.318963, 0.327833, 0
-0.061619, 0.944543, 0
-0.610870, 0.634901, 1
-0.668009, -0.495892, 1
-0.063470, 0.134682, 0
-0.537764, 0.466924, 1
-0.879008, 0.323095, 1
-0.250849, -0.961937, 1
0.279264, -0.372404, 1
0.135436, -0.571095, 1
0.323402, -0.303315, 1
-0.674584, -0.402254, 0
0.728725, 0.213162, 1
-0.107205, 0.049002, 0
0.663583, 0.059942, 1
0.109614, -0.223303, 0
-0.020370, 0.173680, 1
-0.169738, 0.692487, 1
-0.034697, -0.458042, 1
-0.823613, 0.124383, 1
-0.543958, -0.635039, 1
-0.461766, 0.356552, 0
0.528399, 0.526428, 1
-0.344814, 0.297493, 0
-0.167737, -0.091951, 0
-0.352427, 0.168591, 1
-0.472857, -0.681149, 1
-0.095046, -0.499664, 1
0.787772, -0.209139, 0
0.326791, 0.223218, 0
-0.429037, 0.488203, 0
0.235453, -0.932675, 1
-0.355402, -0.852839, 1
0.937582, -0.221197, 0
-0.630589, 0.621681, 1
-0.333510, 0.740061, 1
-0.880106, 0.439091, 0
0.762723, 0.388916, 0
-0.841077, -0.352302, 1
-0.921886, 0.341293, 0
0.064566, -0.377890, 0
0.438809, -0.058893, 0
-0.494003, -0.235071, 0
0.550629, -0.208046, 1
0.214764, -0.778264, 0
0.092904, -0.846908, 0
0.422949, -0.563948, 0
0.396437, -0.231268, 1
-0.694128, 0.474588, 1
0.788040, -0.363393, 0
0.098719, 0.695494, 1
0.000445, 0.425203, 0
-0.479241, -0.240395, 1
-0.436346, -0.858458, 1
-0.480101, 0.643931, 1
0.642335, 0.360648, 1
0.697794, -0.081261, 1
0.719655, 0.291474, 1
0.596713, -0.386708, 0
0.174739, 0.573607, 0
-0.382194, 0.484655, 0
-0.184792, -0.590711, 0
-0.794830, -0.040258, 1
0.082591, 0.574257, 0
-0.112127, -0.437332, 1
0.410448, -0.832382, 1
0.130567, 0.949274, 0
0.453391, -0.715491, 0
0.612586, 0.048005, 1
-0.075991, 0.226649, 1
-0.291279, 0.713185, 1
-0.053613, -0.195852, 0
0.402418, -0.761537, 0
-0.468811, 0.654942, 1
-0.606604, -0.385439, 0
0.772640, -0.218548, 0
0.608342, 0.626034, 0
0.561973, 0.523130, 1
-0.790173, 0.335217, 1
-0.513019, -0.081208, 0
-0.404896, 0.642704, 1
-0.317271, -0.238252, 1
-0.021192, 0.017726, 0
0.053678, 0.416004, 0
-0.609504, -0.241106, 0
0.718221, -0.242648, 0
-0.431382, 0.091905, 1
0.868613, 0.218160, 0
0.423745, 0.657901, 1
0.223787, 0.171799, 1
0.578923, -0.600259, 0
-0.338522, 0.271407, 1
-0.323884, 0.029984, 1
-0.396428, -0.556709, 0
0.766781, -0.108245, 0
0.194064, 0.021977, 1
0.143312, 0.116524, 1
0.525754, -0.309599, 1
-0.180010, 0.702166, 1
0.551634, -0.303992, 1
0.140692, -0.813737, 0
-0.933771, -0.190967, 1
-0.561875, 0.601381, 1
-0.376851, 0.363207, 0
0.808980, -0.360446, 0
-0.001243, -0.831349, 0
-0.222378, 0.271507, 1
-0.792864, 0.338115, 1
-0.284321, -0.481478, 1
0.888799, 0.410893, 0
-0.627267, -0.166834, 0
-0.029810, -0.826885, 0
0.911252, -0.071855, 0
-0.219063, 0.588136, 0
0.173659, -0.808886, 0
-0.779154, 0.506487, 1
0.156907, -0.154239, 0
0.102575, 0.391290, 0
0.283545, 0.114322, 0
-0.406629, 0.287978, 0
0.859784, 0.123851, 0
-0.029879, 0.042170, 0
0.746496, 0.317859, 0
0.693461, -0.174352, 1
-0.378200, -0.618600, 0
0.309659, -0.782746, 0
-0.561533, -0.069116, 0
-0.283316, 0.282090, 1
-0.453099, 0.711155, 1
0.291872, 0.743526, 1
0.137116, 0.830211, 1
0.025164, 0.096710, 0
0.360928, 0.561197, 1
-0.442497, -0.327114, 1
0.534755, 0.641455, 0
0.287355, -0.461470, 1
0.363289, -0.254245, 0
-0.203097, -0.314240, 1
0.565480, -0.490720, 0
0.284487, 0.319509, 0
-0.554205, 0.764434, 0
0.877092, 0.452726, 0
-0.430832, 0.069590, 1
-0.120483, -0.478921, 1
0.992741, -0.078045, 1
0.878368, 0.466012, 0
-0.947529, -0.094082, 1
0.627899, 0.461319, 1
-0.845094, -0.201457, 1
0.418079, 0.769657, 0
-0.533628, 0.357602, 0
0.591492, -0.421482, 0
-0.179120, -0.213493, 0
0.395680, -0.534667, 1
-0.007066, 0.260952, 1
0.955880, -0.188016, 0
0.937829, -0.131107, 0
-0.712947, -0.623007, 1
-0.332146, 0.450807, 0
-0.249117, 0.035731, 1
-0.415279, 0.337296, 0
0.209535, -0.653825, 0
0.619773, -0.159915, 1
0.265846, 0.665983, 1
0.407127, -0.549653, 0
-0.006730, -0.766826, 0
-0.414591, 0.703343, 1
-0.502211, -0.071545, 1
0.564960, -0.417722, 0
-0.475640, -0.616027, 0
-0.489244, 0.160920, 0
0.279648, 0.906518, 0
0.576804, -0.083074, 1
-0.880930, 0.128756, 1
-0.151524, -0.363239, 1
0.880967, -0.441036, 1
0.081188, 0.154789, 1
-0.281370, 0.426048, 0
0.564786, 0.616158, 0
0.497200, -0.423141, 1
-0.188928, -0.787554, 0
0.700465, -0.091074, 1
-0.482352, -0.329848, 0
0.881338, -0.156589, 0
0.672684, -0.098487, 1
0.245168, 0.180662, 0
0.037549, -0.211955, 0
-0.280557, -0.195282, 1
-0.091243, 0.819994, 1
0.437032, -0.101315, 0
0.283344, -0.953645, 1
0.954564, 0.061358, 0
-0.156421, -0.959942, 1
-0.197337, 0.277724, 1
0.279728, 0.338189, 0
-0.428930, -0.295278, 1
0.559493, -0.056434, 1
-0.267039, 0.041590, 1
-0.413904, 0.362492, 0
0.799052, -0.398767, 0
-0.076485, 0.402863, 0
0.800090, -0.499303, 0
-0.072131, -0.530369, 1
-0.598668, -0.260223, 0
-0.537280, 0.071355, 0
-0.948113, -0.061055, 1
0.409163, 0.503616, 1
-0.930521, -0.157915, 1
0.585451, -0.138424, 1
0.648712, 0.582904, 0
0.543692, 0.751543, 0
0.669657, 0.682929, 0
0.681138, 0.367375, 1
-0.248803, 0.259074, 1
-0.070639, 0.633618, 1
0.643099, -0.274110, 1
-0.228679, -0.320438, 1
-0.282131, 0.686499, 1
0.829278, -0.113308, 0
-0.559680, -0.190340, 0
0.158921, -0.139287, 0
0.096462, -0.648543, 0
-0.239647, -0.442069, 1
0.161475, 0.015524, 1
0.312884, 0.508199, 1
-0.355847, 0.084234, 1
0.232191, -0.269736, 0
0.173659, 0.931687, 0
-0.386085, -0.152806, 1
0.481465, 0.751379, 0
-0.582109, -0.062623, 0
-0.351152, -0.244903, 1
0.607897, -0.296199, 1
0.246897, 0.521915, 0
0.301645, 0.640695, 1
0.931576, 0.119081, 0
-0.043053, 0.684717, 1
-0.748929, -0.382832, 1
-0.204438, 0.876683, 0
0.635974, 0.442307, 1
0.319811, -0.842153, 0
0.686147, -0.482939, 0
-0.134855, 0.362562, 1
0.836613, 0.073339, 0
0.622772, 0.388175, 1
0.262709, -0.353573, 1
-0.528793, 0.172873, 0
0.663069, -0.717972, 1
0.440275, 0.026578, 0
0.796855, -0.396073, 0
0.621400, 0.443124, 1
-0.200476, 0.461421, 0
0.319131, 0.769402, 1
-0.595346, -0.134278, 0
-0.682618, -0.513774, 1
0.591646, -0.185246, 1
-0.443818, 0.234367, 0
0.769258, 0.082546, 0
-0.466688, -0.243250, 1
0.890985, 0.121023, 0
0.438181, -0.342429, 1
-0.370887, -0.496835, 0
-0.626477, -0.313448, 0
0.606659, -0.506201, 0
-0.859096, 0.452197, 0
-0.733664, 0.244093, 1
0.825163, 0.481004, 0
0.847493, 0.380061, 0
-0.338282, 0.820795, 1
0.600788, 0.021636, 1
-0.650943, 0.182390, 0
-0.042985, 0.164872, 1
-0.753720, 0.483024, 1
0.032315, -0.185505, 0
-0.507631, -0.364512, 0
0.052097, -0.317794, 0
-0.491743, -0.475298, 0
0.685735, -0.126507, 1
-0.422742, 0.213959, 0
0.334242, -0.336627, 1
0.780562, 0.053029, 0
-0.500489, 0.151155, 0
-0.289345, 0.319689, 1
0.566103, -0.171591, 1
-0.706616, -0.224727, 0
-0.716005, -0.524513, 1
0.630281, -0.283299, 1
0.074350, -0.652704, 0
-0.390687, -0.626758, 0
0.423697, 0.623260, 1
0.005739, -0.276513, 0
-0.187989, -0.149934, 0
0.801400, -0.110814, 0
-0.066095, 0.641887, 1
-0.174413, 0.727143, 1
0.657836, -0.178651, 1
-0.297731, -0.531426, 0
0.572442, 0.270855, 1
0.521538, -0.091870, 1
0.968257, 0.099279, 0
-0.222082, 0.577354, 0
-0.100106, -0.432206, 1
0.715599, -0.016483, 1
0.224856, -0.345481, 0
0.247061, -0.485216, 1
0.122494, 0.832846, 1
0.249421, 0.716950, 1
0.725328, 0.676431, 0
0.975854, -0.098906, 0
0.168354, 0.062920, 1
0.842466, 0.209826, 0
0.685066, -0.068254, 1
-0.831510, 0.547613, 0
-0.390124, 0.031906, 1
0.862100, -0.240881, 0
-0.871570, -0.330130, 1
-0.183899, 0.689690, 1
0.117584, -0.244732, 0
0.512520, 0.748551, 0
-0.037901, -0.133512, 0
0.395120, 0.044483, 0
-0.477329, -0.874588, 1
-0.270513, -0.184882, 1
0.741538, -0.174350, 0
0.058989, -0.196526, 0
0.151498, -0.572965, 1
0.174380, -0.325973, 0
-0.090098, 0.826091, 1
-0.125167, -0.820440, 0
-0.013918, -0.679230, 0
0.253121, 0.542331, 1
0.881980, -0.123518, 0
-0.075531, 0.705823, 1
-0.772951, 0.010080, 1
-0.109635, -0.502116, 1
-0.808540, -0.414052, 1
0.302685, -0.060188, 0
0.264984, 0.811080, 0
0.179586, -0.468071, 1
-0.025470, 0.355670, 1
-0.697796, 0.496509, 1
-0.567142, -0.576575, 0
0.134558, -0.293665, 0
0.174606, 0.788555, 1
0.956422, -0.182362, 0
0.046681, 0.065010, 1
0.153208, -0.611223, 1
-0.082840, 0.151323, 1
-0.354245, 0.293123, 0
-0.206557, 0.839107, 1
-0.293073, 0.128729, 1
-0.320284, 0.048996, 1
-0.185894, 0.334201, 1
-0.027601, 0.918399, 0
0.596964, 0.678559, 0
-0.339483, -0.220716, 1
-0.575308, 0.062350, 0
0.081048, 0.272192, 1
0.327726, -0.281828, 0
0.094905, -0.945460, 1
-0.678329, -0.127227, 0
-0.353730, -0.478576, 0
-0.039798, -0.500807, 1
-0.028632, 0.995102, 0
-0.691006, -0.391160, 1
0.315791, 0.354300, 0
0.318217, -0.380015, 1
-0.517802, -0.712346, 1
-0.301676, 0.320480, 0
-0.591978, 0.558265, 1
0.654238, -0.353332, 0
-0.604561, 0.712135, 0
0.483118, -0.658713, 0
0.051834, 0.379735, 0
-0.223887, 0.539471, 0
0.419662, -0.217159, 1
-0.598932, -0.327976, 0
-0.089996, -0.650426, 0
0.554844, 0.416326, 1
-0.250486, -0.691466, 0
-0.733376, -0.083352, 0
-0.678383, -0.648010, 1
-0.050497, 0.795903, 1
-0.374088, -0.679001, 0
-0.779818, 0.469261, 1
-0.695071, 0.092307, 0
0.008971, -0.472787, 1
-0.099502, 0.967176, 0
-0.815308, -0.001783, 1
0.088700, -0.242141, 0
0.081804, -0.506056, 1
-0.316341, -0.615771, 0
-0.744968, -0.312017, 1
0.274924, -0.139320, 0
-0.851029, 0.006722, 1
-0.272103, 0.868862, 0
0.174662, 0.677140, 1
-0.298783, -0.107681, 1
0.420244, -0.764143, 0
-0.681249, 0.462165, 1
0.784702, 0.403314, 0
0.819588, -0.220255, 0
-0.377322, -0.909411, 1
0.015861, -0.848486, 0
0.259458, -0.352481, 1
-0.665018, -0.461833, 1
-0.520356, 0.033383, 0
0.146225, -0.609204, 1
0.738625, 0.145001, 1
0.519911, -0.164934, 1
-0.369743, 0.638047, 1
-0.229524, 0.161967, 1
-0.498784, 0.097336, 0
0.637416, -0.607327, 0
-0.130541, -0.158381, 0
-0.876750, -0.174124, 1
-0.644404, -0.693931, 1
-0.029601, -0.192731, 0
0.514214, -0.036563, 1
-0.099431, 0.198952, 1
-0.186690, -0.699380, 0
0.639019, 0.489299, 0
0.344432, 0.535806, 1
0.114212, -0.932747, 1
-0.335127, -0.518472, 0
0.345828, 0.473246, 1
0.799435, -0.087599, 0
0.374119, -0.684346, 0
-0.298186, 0.144343, 1
0.270235, -0.281075, 0
-0.057447, -0.824834, 0
-0.288171, -0.169901, 1
-0.630076, -0.198532, 0
-0.126122, 0.588836, 0
-0.460436, 0.348993, 0
-0.712042, 0.156834, 0
0.157992, -0.781859, 0
0.910303, 0.197548, 0
-0.484104, -0.358005, 0
-0.115267, 0.325994, 1
0.441112, 0.800580, 0
-0.010828, -0.541911, 1
0.768891, 0.102181, 0
0.103590, 0.577258, 0
-0.754498, 0.204908, 1
0.226520, 0.074759, 1
-0.260977, 0.708521, 1
0.287726, -0.404080, 1
-0.643452, -0.396945, 0
-0.189633, -0.068822, 0
-0.771527, 0.428964, 1
-0.798373, 0.070017, 1
-0.312801, -0.622134, 0
-0.247766, -0.015974, 0
-0.403017, 0.174351, 1
0.097145, 0.696533, 1
0.229100, -0.095714, 0
0.540632, -0.071984, 1
0.471774, 0.231804, 0
0.375258, -0.898543, 1
0.205070, 0.565379, 1
0.160820, 0.099494, 1
0.346619, 0.230459, 0
0.355207, 0.722628, 1
-0.726078, 0.525426, 1
0.412268, 0.421906, 1
0.155969, 0.128025, 1
-0.497186, 0.792214, 0
0.100813, -0.875976, 0
0.783787, 0.489096, 0
0.515447, -0.807243, 1
-0.261841, 0.457463, 0
0.947633, 0.017906, 0
-0.419262, 0.741772, 1
-0.691717, 0.483290, 1
0.307483, 0.280155, 0
0.777455, 0.025130, 0
-0.388379, -0.420556, 0
-0.432622, 0.865107, 0
-0.203807, -0.386400, 1
-0.762016, 0.231291, 1
-0.152294, 0.785190, 1
-0.300052, 0.596657, 1
-0.388038, -0.023764, 1
0.946920, -0.190684, 0
-0.822812, 0.172946, 1
-0.307282, -0.709762, 0
0.927860, 0.163287, 0
-0.165210, 0.044713, 0
-0.576893, 0.085610, 0
-0.079145, -0.714680, 0
-0.375170, 0.470361, 0
0.180355, 0.691560, 1
0.464730, 0.866100, 0
-0.035365, -0.295082, 0
-0.911157, -0.328438, 1
-0.791894, 0.609042, 0
-0.112999, -0.143057, 0
-0.185420, 0.158963, 1
-0.177912, 0.518691, 0
0.141076, 0.003890, 1
0.295008, -0.554157, 1
-0.293310, 0.053545, 1
0.188396, 0.561681, 0
-0.912204, 0.123282, 1
-0.762918, 0.066897, 1
0.168849, -0.435850, 1
0.260404, 0.734549, 1
0.805706, -0.514492, 1
0.279501, 0.843310, 0
-0.777802, 0.425460, 1
-0.580229, 0.687557, 1
0.888133, -0.084237, 0
0.087747, 0.235167, 1
-0.623570, 0.162653, 0
-0.309415, 0.466446, 0
0.092217, -0.834109, 0
-0.350536, -0.484994, 0
0.542576, -0.301588, 1
0.523123, -0.427851, 1
-0.362868, -0.141034, 1
-0.502214, -0.698322, 1
-0.503943, 0.388324, 0
0.185235, 0.576628, 1
-0.521941, 0.664361, 1
-0.324008, -0.395766, 1
0.070975, -0.897569, 1
0.515930, 0.069502, 1
0.168690, -0.924311, 1
-0.823459, 0.175060, 1
0.071658, 0.675562, 1
-0.350833, -0.053459, 1
0.393298, 0.452650, 1
-0.748602, 0.327334, 1
-0.868117, 0.295130, 1
0.231299, 0.077438, 1
0.021232, -0.409579, 1
0.369035, 0.469104, 1
-0.869315, -0.128565, 1
-0.776477, -0.402038, 1
-0.442478, -0.278772, 1
-0.730975, 0.522463, 1
-0.151650, 0.315654, 1
0.278283, -0.935453, 1
-0.160248, -0.387139, 1
